"Statistics for","1990","1"
"","Adopted acts"
"","Basic","Amending"
"Legislative acts - Ordinary legislative procedure"
"Regulations of the European Parliament and of the Council","0","0"
"Directives of the European Parliament and of the Council","0","0"
"Decisions of the European Parliament and of the Council","0","0"
"Total","0","0"
"Total","0"
"Other legislative acts"
"Council regulations","4","5"
"Council directives","0","1"
"Council decisions","4","1"
"Total","8","7"
"Total","8"
"Non-legislative acts"
"Delegated acts"
"Commission delegated regulations","0","0"
"Commission delegated directives","0","0"
"Commission delegated decisions","0","0"
"Total","0","0"
"Total","0"
"Implementing acts"
"Council implementing regulations","0","0"
"Council implementing decisions","0","0"
"Commission implementing regulations","0","0"
"Commission implementing directives","0","0"
"Commission implementing decisions","0","0"
"Total","0","0"
"Total","0"
"Other acts"
"Commission regulations","33","23"
"Commission directives","0","0"
"Commission decisions","16","2"
"European Central Bank regulations","0","0"
"European Central Bank decisions","0","0"
"European Central Bank guidelines****","0","0"
"European Central Bank recommendations","0","0"
"European Central Bank opinions","0","0"
"Total","49","25"
"Total","49"
"Statistics for","1990","2"
"","Adopted acts"
"","Basic","Amending"
"Legislative acts - Ordinary legislative procedure"
"Regulations of the European Parliament and of the Council","0","0"
"Directives of the European Parliament and of the Council","0","0"
"Decisions of the European Parliament and of the Council","0","0"
"Total","0","0"
"Total","0"
"Other legislative acts"
"Council regulations","11","4"
"Council directives","0","1"
"Council decisions","17","2"
"Total","28","7"
"Total","28"
"Non-legislative acts"
"Delegated acts"
"Commission delegated regulations","0","0"
"Commission delegated directives","0","0"
"Commission delegated decisions","0","0"
"Total","0","0"
"Total","0"
"Implementing acts"
"Council implementing regulations","0","0"
"Council implementing decisions","0","0"
"Commission implementing regulations","0","0"
"Commission implementing directives","0","0"
"Commission implementing decisions","0","0"
"Total","0","0"
"Total","0"
"Other acts"
"Commission regulations","40","19"
"Commission directives","1","4"
"Commission decisions","20","11"
"European Central Bank regulations","0","0"
"European Central Bank decisions","0","0"
"European Central Bank guidelines****","0","0"
"European Central Bank recommendations","0","0"
"European Central Bank opinions","0","0"
"Total","61","34"
"Total","61"
"Statistics for","1990","3"
"","Adopted acts"
"","Basic","Amending"
"Legislative acts - Ordinary legislative procedure"
"Regulations of the European Parliament and of the Council","0","0"
"Directives of the European Parliament and of the Council","0","0"
"Decisions of the European Parliament and of the Council","0","0"
"Total","0","0"
"Total","0"
"Other legislative acts"
"Council regulations","17","10"
"Council directives","3","2"
"Council decisions","13","8"
"Total","33","20"
"Total","33"
"Non-legislative acts"
"Delegated acts"
"Commission delegated regulations","0","0"
"Commission delegated directives","0","0"
"Commission delegated decisions","0","0"
"Total","0","0"
"Total","0"
"Implementing acts"
"Council implementing regulations","0","0"
"Council implementing decisions","0","0"
"Commission implementing regulations","0","0"
"Commission implementing directives","0","0"
"Commission implementing decisions","0","0"
"Total","0","0"
"Total","0"
"Other acts"
"Commission regulations","58","26"
"Commission directives","0","0"
"Commission decisions","33","6"
"European Central Bank regulations","0","0"
"European Central Bank decisions","0","0"
"European Central Bank guidelines****","0","0"
"European Central Bank recommendations","0","0"
"European Central Bank opinions","0","0"
"Total","91","32"
"Total","91"
"Statistics for","1990","4"
"","Adopted acts"
"","Basic","Amending"
"Legislative acts - Ordinary legislative procedure"
"Regulations of the European Parliament and of the Council","0","0"
"Directives of the European Parliament and of the Council","0","0"
"Decisions of the European Parliament and of the Council","0","0"
"Total","0","0"
"Total","0"
"Other legislative acts"
"Council regulations","12","3"
"Council directives","2","1"
"Council decisions","5","5"
"Total","19","9"
"Total","19"
"Non-legislative acts"
"Delegated acts"
"Commission delegated regulations","0","0"
"Commission delegated directives","0","0"
"Commission delegated decisions","0","0"
"Total","0","0"
"Total","0"
"Implementing acts"
"Council implementing regulations","0","0"
"Council implementing decisions","0","0"
"Commission implementing regulations","0","0"
"Commission implementing directives","0","0"
"Commission implementing decisions","0","0"
"Total","0","0"
"Total","0"
"Other acts"
"Commission regulations","52","17"
"Commission directives","0","3"
"Commission decisions","7","4"
"European Central Bank regulations","0","0"
"European Central Bank decisions","0","0"
"European Central Bank guidelines****","0","0"
"European Central Bank recommendations","0","0"
"European Central Bank opinions","0","0"
"Total","59","24"
"Total","59"
"Statistics for","1990","5"
"","Adopted acts"
"","Basic","Amending"
"Legislative acts - Ordinary legislative procedure"
"Regulations of the European Parliament and of the Council","0","0"
"Directives of the European Parliament and of the Council","0","0"
"Decisions of the European Parliament and of the Council","0","0"
"Total","0","0"
"Total","0"
"Other legislative acts"
"Council regulations","59","27"
"Council directives","4","0"
"Council decisions","7","2"
"Total","70","29"
"Total","70"
"Non-legislative acts"
"Delegated acts"
"Commission delegated regulations","0","0"
"Commission delegated directives","0","0"
"Commission delegated decisions","0","0"
"Total","0","0"
"Total","0"
"Implementing acts"
"Council implementing regulations","0","0"
"Council implementing decisions","0","0"
"Commission implementing regulations","0","0"
"Commission implementing directives","0","0"
"Commission implementing decisions","0","0"
"Total","0","0"
"Total","0"
"Other acts"
"Commission regulations","60","22"
"Commission directives","0","1"
"Commission decisions","16","9"
"European Central Bank regulations","0","0"
"European Central Bank decisions","0","0"
"European Central Bank guidelines****","0","0"
"European Central Bank recommendations","0","0"
"European Central Bank opinions","0","0"
"Total","76","32"
"Total","76"
"Statistics for","1990","6"
"","Adopted acts"
"","Basic","Amending"
"Legislative acts - Ordinary legislative procedure"
"Regulations of the European Parliament and of the Council","0","0"
"Directives of the European Parliament and of the Council","0","0"
"Decisions of the European Parliament and of the Council","0","0"
"Total","0","0"
"Total","0"
"Other legislative acts"
"Council regulations","25","9"
"Council directives","17","1"
"Council decisions","7","2"
"Total","49","12"
"Total","49"
"Non-legislative acts"
"Delegated acts"
"Commission delegated regulations","0","0"
"Commission delegated directives","0","0"
"Commission delegated decisions","0","0"
"Total","0","0"
"Total","0"
"Implementing acts"
"Council implementing regulations","0","0"
"Council implementing decisions","0","0"
"Commission implementing regulations","0","0"
"Commission implementing directives","0","0"
"Commission implementing decisions","0","0"
"Total","0","0"
"Total","0"
"Other acts"
"Commission regulations","73","45"
"Commission directives","1","1"
"Commission decisions","68","6"
"European Central Bank regulations","0","0"
"European Central Bank decisions","0","0"
"European Central Bank guidelines****","0","0"
"European Central Bank recommendations","0","0"
"European Central Bank opinions","0","0"
"Total","142","52"
"Total","142"
"Statistics for","1990","7"
"","Adopted acts"
"","Basic","Amending"
"Legislative acts - Ordinary legislative procedure"
"Regulations of the European Parliament and of the Council","0","0"
"Directives of the European Parliament and of the Council","0","0"
"Decisions of the European Parliament and of the Council","0","0"
"Total","0","0"
"Total","0"
"Other legislative acts"
"Council regulations","28","19"
"Council directives","2","3"
"Council decisions","7","12"
"Total","37","34"
"Total","37"
"Non-legislative acts"
"Delegated acts"
"Commission delegated regulations","0","0"
"Commission delegated directives","0","0"
"Commission delegated decisions","0","0"
"Total","0","0"
"Total","0"
"Implementing acts"
"Council implementing regulations","0","0"
"Council implementing decisions","0","0"
"Commission implementing regulations","0","0"
"Commission implementing directives","0","0"
"Commission implementing decisions","0","0"
"Total","0","0"
"Total","0"
"Other acts"
"Commission regulations","96","33"
"Commission directives","0","2"
"Commission decisions","34","6"
"European Central Bank regulations","0","0"
"European Central Bank decisions","0","0"
"European Central Bank guidelines****","0","0"
"European Central Bank recommendations","0","0"
"European Central Bank opinions","0","0"
"Total","130","41"
"Total","130"
"Statistics for","1990","8"
"","Adopted acts"
"","Basic","Amending"
"Legislative acts - Ordinary legislative procedure"
"Regulations of the European Parliament and of the Council","0","0"
"Directives of the European Parliament and of the Council","0","0"
"Decisions of the European Parliament and of the Council","0","0"
"Total","0","0"
"Total","0"
"Other legislative acts"
"Council regulations","1","0"
"Council directives","0","0"
"Council decisions","0","0"
"Total","1","0"
"Total","1"
"Non-legislative acts"
"Delegated acts"
"Commission delegated regulations","0","0"
"Commission delegated directives","0","0"
"Commission delegated decisions","0","0"
"Total","0","0"
"Total","0"
"Implementing acts"
"Council implementing regulations","0","0"
"Council implementing decisions","0","0"
"Commission implementing regulations","0","0"
"Commission implementing directives","0","0"
"Commission implementing decisions","0","0"
"Total","0","0"
"Total","0"
"Other acts"
"Commission regulations","49","10"
"Commission directives","0","0"
"Commission decisions","10","2"
"European Central Bank regulations","0","0"
"European Central Bank decisions","0","0"
"European Central Bank guidelines****","0","0"
"European Central Bank recommendations","0","0"
"European Central Bank opinions","0","0"
"Total","59","12"
"Total","59"
"Statistics for","1990","9"
"","Adopted acts"
"","Basic","Amending"
"Legislative acts - Ordinary legislative procedure"
"Regulations of the European Parliament and of the Council","0","0"
"Directives of the European Parliament and of the Council","0","0"
"Decisions of the European Parliament and of the Council","0","0"
"Total","0","0"
"Total","0"
"Other legislative acts"
"Council regulations","8","4"
"Council directives","3","3"
"Council decisions","8","3"
"Total","19","10"
"Total","19"
"Non-legislative acts"
"Delegated acts"
"Commission delegated regulations","0","0"
"Commission delegated directives","0","0"
"Commission delegated decisions","0","0"
"Total","0","0"
"Total","0"
"Implementing acts"
"Council implementing regulations","0","0"
"Council implementing decisions","0","0"
"Commission implementing regulations","0","0"
"Commission implementing directives","0","0"
"Commission implementing decisions","0","0"
"Total","0","0"
"Total","0"
"Other acts"
"Commission regulations","68","22"
"Commission directives","0","3"
"Commission decisions","19","5"
"European Central Bank regulations","0","0"
"European Central Bank decisions","0","0"
"European Central Bank guidelines****","0","0"
"European Central Bank recommendations","0","0"
"European Central Bank opinions","0","0"
"Total","87","30"
"Total","87"
"Statistics for","1990","10"
"","Adopted acts"
"","Basic","Amending"
"Legislative acts - Ordinary legislative procedure"
"Regulations of the European Parliament and of the Council","0","0"
"Directives of the European Parliament and of the Council","0","0"
"Decisions of the European Parliament and of the Council","0","0"
"Total","0","0"
"Total","0"
"Other legislative acts"
"Council regulations","15","12"
"Council directives","3","3"
"Council decisions","8","3"
"Total","26","18"
"Total","26"
"Non-legislative acts"
"Delegated acts"
"Commission delegated regulations","0","0"
"Commission delegated directives","0","0"
"Commission delegated decisions","0","0"
"Total","0","0"
"Total","0"
"Implementing acts"
"Council implementing regulations","0","0"
"Council implementing decisions","0","0"
"Commission implementing regulations","0","0"
"Commission implementing directives","0","0"
"Commission implementing decisions","0","0"
"Total","0","0"
"Total","0"
"Other acts"
"Commission regulations","66","27"
"Commission directives","3","1"
"Commission decisions","19","4"
"European Central Bank regulations","0","0"
"European Central Bank decisions","0","0"
"European Central Bank guidelines****","0","0"
"European Central Bank recommendations","0","0"
"European Central Bank opinions","0","0"
"Total","88","32"
"Total","88"
"Statistics for","1990","11"
"","Adopted acts"
"","Basic","Amending"
"Legislative acts - Ordinary legislative procedure"
"Regulations of the European Parliament and of the Council","0","0"
"Directives of the European Parliament and of the Council","0","0"
"Decisions of the European Parliament and of the Council","0","0"
"Total","0","0"
"Total","0"
"Other legislative acts"
"Council regulations","38","6"
"Council directives","6","2"
"Council decisions","7","0"
"Total","51","8"
"Total","51"
"Non-legislative acts"
"Delegated acts"
"Commission delegated regulations","0","0"
"Commission delegated directives","0","0"
"Commission delegated decisions","0","0"
"Total","0","0"
"Total","0"
"Implementing acts"
"Council implementing regulations","0","0"
"Council implementing decisions","0","0"
"Commission implementing regulations","0","0"
"Commission implementing directives","0","0"
"Commission implementing decisions","0","0"
"Total","0","0"
"Total","0"
"Other acts"
"Commission regulations","71","24"
"Commission directives","0","2"
"Commission decisions","11","5"
"European Central Bank regulations","0","0"
"European Central Bank decisions","0","0"
"European Central Bank guidelines****","0","0"
"European Central Bank recommendations","0","0"
"European Central Bank opinions","0","0"
"Total","82","31"
"Total","82"
"Statistics for","1990","12"
"","Adopted acts"
"","Basic","Amending"
"Legislative acts - Ordinary legislative procedure"
"Regulations of the European Parliament and of the Council","0","0"
"Directives of the European Parliament and of the Council","0","0"
"Decisions of the European Parliament and of the Council","0","0"
"Total","0","0"
"Total","0"
"Other legislative acts"
"Council regulations","72","29"
"Council directives","11","3"
"Council decisions","10","13"
"Total","93","45"
"Total","93"
"Non-legislative acts"
"Delegated acts"
"Commission delegated regulations","0","0"
"Commission delegated directives","0","0"
"Commission delegated decisions","0","0"
"Total","0","0"
"Total","0"
"Implementing acts"
"Council implementing regulations","0","0"
"Council implementing decisions","0","0"
"Commission implementing regulations","0","0"
"Commission implementing directives","0","0"
"Commission implementing decisions","0","0"
"Total","0","0"
"Total","0"
"Other acts"
"Commission regulations","130","49"
"Commission directives","1","1"
"Commission decisions","40","11"
"European Central Bank regulations","0","0"
"European Central Bank decisions","0","0"
"European Central Bank guidelines****","0","0"
"European Central Bank recommendations","0","0"
"European Central Bank opinions","0","0"
"Total","171","61"
"Total","171"
"Statistics for","1991","1"
"","Adopted acts"
"","Basic","Amending"
"Legislative acts - Ordinary legislative procedure"
"Regulations of the European Parliament and of the Council","0","0"
"Directives of the European Parliament and of the Council","0","0"
"Decisions of the European Parliament and of the Council","0","0"
"Total","0","0"
"Total","0"
"Other legislative acts"
"Council regulations","2","4"
"Council directives","2","1"
"Council decisions","1","0"
"Total","5","5"
"Total","5"
"Non-legislative acts"
"Delegated acts"
"Commission delegated regulations","0","0"
"Commission delegated directives","0","0"
"Commission delegated decisions","0","0"
"Total","0","0"
"Total","0"
"Implementing acts"
"Council implementing regulations","0","0"
"Council implementing decisions","0","0"
"Commission implementing regulations","0","0"
"Commission implementing directives","0","0"
"Commission implementing decisions","0","0"
"Total","0","0"
"Total","0"
"Other acts"
"Commission regulations","38","19"
"Commission directives","1","1"
"Commission decisions","17","6"
"European Central Bank regulations","0","0"
"European Central Bank decisions","0","0"
"European Central Bank guidelines****","0","0"
"European Central Bank recommendations","0","0"
"European Central Bank opinions","0","0"
"Total","56","26"
"Total","56"
"Statistics for","1991","2"
"","Adopted acts"
"","Basic","Amending"
"Legislative acts - Ordinary legislative procedure"
"Regulations of the European Parliament and of the Council","0","0"
"Directives of the European Parliament and of the Council","0","0"
"Decisions of the European Parliament and of the Council","0","0"
"Total","0","0"
"Total","0"
"Other legislative acts"
"Council regulations","6","10"
"Council directives","0","1"
"Council decisions","10","5"
"Total","16","16"
"Total","16"
"Non-legislative acts"
"Delegated acts"
"Commission delegated regulations","0","0"
"Commission delegated directives","0","0"
"Commission delegated decisions","0","0"
"Total","0","0"
"Total","0"
"Implementing acts"
"Council implementing regulations","0","0"
"Council implementing decisions","0","0"
"Commission implementing regulations","0","0"
"Commission implementing directives","0","0"
"Commission implementing decisions","0","0"
"Total","0","0"
"Total","0"
"Other acts"
"Commission regulations","35","32"
"Commission directives","0","4"
"Commission decisions","27","15"
"European Central Bank regulations","0","0"
"European Central Bank decisions","0","0"
"European Central Bank guidelines****","0","0"
"European Central Bank recommendations","0","0"
"European Central Bank opinions","0","0"
"Total","62","51"
"Total","62"
"Statistics for","1991","3"
"","Adopted acts"
"","Basic","Amending"
"Legislative acts - Ordinary legislative procedure"
"Regulations of the European Parliament and of the Council","0","0"
"Directives of the European Parliament and of the Council","0","0"
"Decisions of the European Parliament and of the Council","0","0"
"Total","0","0"
"Total","0"
"Other legislative acts"
"Council regulations","18","10"
"Council directives","4","6"
"Council decisions","9","4"
"Total","31","20"
"Total","31"
"Non-legislative acts"
"Delegated acts"
"Commission delegated regulations","0","0"
"Commission delegated directives","0","0"
"Commission delegated decisions","0","0"
"Total","0","0"
"Total","0"
"Implementing acts"
"Council implementing regulations","0","0"
"Council implementing decisions","0","0"
"Commission implementing regulations","0","0"
"Commission implementing directives","0","0"
"Commission implementing decisions","0","0"
"Total","0","0"
"Total","0"
"Other acts"
"Commission regulations","44","30"
"Commission directives","1","4"
"Commission decisions","44","4"
"European Central Bank regulations","0","0"
"European Central Bank decisions","0","0"
"European Central Bank guidelines****","0","0"
"European Central Bank recommendations","0","0"
"European Central Bank opinions","0","0"
"Total","89","38"
"Total","89"
"Statistics for","1991","4"
"","Adopted acts"
"","Basic","Amending"
"Legislative acts - Ordinary legislative procedure"
"Regulations of the European Parliament and of the Council","0","0"
"Directives of the European Parliament and of the Council","0","0"
"Decisions of the European Parliament and of the Council","0","0"
"Total","0","0"
"Total","0"
"Other legislative acts"
"Council regulations","9","5"
"Council directives","1","1"
"Council decisions","5","3"
"Total","15","9"
"Total","15"
"Non-legislative acts"
"Delegated acts"
"Commission delegated regulations","0","0"
"Commission delegated directives","0","0"
"Commission delegated decisions","0","0"
"Total","0","0"
"Total","0"
"Implementing acts"
"Council implementing regulations","0","0"
"Council implementing decisions","0","0"
"Commission implementing regulations","0","0"
"Commission implementing directives","0","0"
"Commission implementing decisions","0","0"
"Total","0","0"
"Total","0"
"Other acts"
"Commission regulations","41","38"
"Commission directives","0","4"
"Commission decisions","21","3"
"European Central Bank regulations","0","0"
"European Central Bank decisions","0","0"
"European Central Bank guidelines****","0","0"
"European Central Bank recommendations","0","0"
"European Central Bank opinions","0","0"
"Total","62","45"
"Total","62"
"Statistics for","1991","5"
"","Adopted acts"
"","Basic","Amending"
"Legislative acts - Ordinary legislative procedure"
"Regulations of the European Parliament and of the Council","0","0"
"Directives of the European Parliament and of the Council","0","0"
"Decisions of the European Parliament and of the Council","0","0"
"Total","0","0"
"Total","0"
"Other legislative acts"
"Council regulations","15","4"
"Council directives","3","1"
"Council decisions","1","1"
"Total","19","6"
"Total","19"
"Non-legislative acts"
"Delegated acts"
"Commission delegated regulations","0","0"
"Commission delegated directives","0","0"
"Commission delegated decisions","0","0"
"Total","0","0"
"Total","0"
"Implementing acts"
"Council implementing regulations","0","0"
"Council implementing decisions","0","0"
"Commission implementing regulations","0","0"
"Commission implementing directives","0","0"
"Commission implementing decisions","0","0"
"Total","0","0"
"Total","0"
"Other acts"
"Commission regulations","84","34"
"Commission directives","2","0"
"Commission decisions","20","2"
"European Central Bank regulations","0","0"
"European Central Bank decisions","0","0"
"European Central Bank guidelines****","0","0"
"European Central Bank recommendations","0","0"
"European Central Bank opinions","0","0"
"Total","106","36"
"Total","106"
"Statistics for","1991","6"
"","Adopted acts"
"","Basic","Amending"
"Legislative acts - Ordinary legislative procedure"
"Regulations of the European Parliament and of the Council","0","0"
"Directives of the European Parliament and of the Council","0","0"
"Decisions of the European Parliament and of the Council","0","0"
"Total","0","0"
"Total","0"
"Other legislative acts"
"Council regulations","61","28"
"Council directives","6","8"
"Council decisions","15","3"
"Total","82","39"
"Total","82"
"Non-legislative acts"
"Delegated acts"
"Commission delegated regulations","0","0"
"Commission delegated directives","0","0"
"Commission delegated decisions","0","0"
"Total","0","0"
"Total","0"
"Implementing acts"
"Council implementing regulations","0","0"
"Council implementing decisions","0","0"
"Commission implementing regulations","0","0"
"Commission implementing directives","0","0"
"Commission implementing decisions","0","0"
"Total","0","0"
"Total","0"
"Other acts"
"Commission regulations","76","42"
"Commission directives","2","3"
"Commission decisions","27","5"
"European Central Bank regulations","0","0"
"European Central Bank decisions","0","0"
"European Central Bank guidelines****","0","0"
"European Central Bank recommendations","0","0"
"European Central Bank opinions","0","0"
"Total","105","50"
"Total","105"
"Statistics for","1991","7"
"","Adopted acts"
"","Basic","Amending"
"Legislative acts - Ordinary legislative procedure"
"Regulations of the European Parliament and of the Council","0","0"
"Directives of the European Parliament and of the Council","0","0"
"Decisions of the European Parliament and of the Council","0","0"
"Total","0","0"
"Total","0"
"Other legislative acts"
"Council regulations","12","13"
"Council directives","7","3"
"Council decisions","16","2"
"Total","35","18"
"Total","35"
"Non-legislative acts"
"Delegated acts"
"Commission delegated regulations","0","0"
"Commission delegated directives","0","0"
"Commission delegated decisions","0","0"
"Total","0","0"
"Total","0"
"Implementing acts"
"Council implementing regulations","0","0"
"Council implementing decisions","0","0"
"Commission implementing regulations","0","0"
"Commission implementing directives","0","0"
"Commission implementing decisions","0","0"
"Total","0","0"
"Total","0"
"Other acts"
"Commission regulations","104","44"
"Commission directives","3","2"
"Commission decisions","54","6"
"European Central Bank regulations","0","0"
"European Central Bank decisions","0","0"
"European Central Bank guidelines****","0","0"
"European Central Bank recommendations","0","0"
"European Central Bank opinions","0","0"
"Total","161","52"
"Total","161"
"Statistics for","1991","8"
"","Adopted acts"
"","Basic","Amending"
"Legislative acts - Ordinary legislative procedure"
"Regulations of the European Parliament and of the Council","0","0"
"Directives of the European Parliament and of the Council","0","0"
"Decisions of the European Parliament and of the Council","0","0"
"Total","0","0"
"Total","0"
"Other legislative acts"
"Council regulations","0","1"
"Council directives","0","0"
"Council decisions","0","0"
"Total","0","1"
"Total","0"
"Non-legislative acts"
"Delegated acts"
"Commission delegated regulations","0","0"
"Commission delegated directives","0","0"
"Commission delegated decisions","0","0"
"Total","0","0"
"Total","0"
"Implementing acts"
"Council implementing regulations","0","0"
"Council implementing decisions","0","0"
"Commission implementing regulations","0","0"
"Commission implementing directives","0","0"
"Commission implementing decisions","0","0"
"Total","0","0"
"Total","0"
"Other acts"
"Commission regulations","52","15"
"Commission directives","0","0"
"Commission decisions","6","6"
"European Central Bank regulations","0","0"
"European Central Bank decisions","0","0"
"European Central Bank guidelines****","0","0"
"European Central Bank recommendations","0","0"
"European Central Bank opinions","0","0"
"Total","58","21"
"Total","58"
"Statistics for","1991","9"
"","Adopted acts"
"","Basic","Amending"
"Legislative acts - Ordinary legislative procedure"
"Regulations of the European Parliament and of the Council","0","0"
"Directives of the European Parliament and of the Council","0","0"
"Decisions of the European Parliament and of the Council","0","0"
"Total","0","0"
"Total","0"
"Other legislative acts"
"Council regulations","4","1"
"Council directives","0","0"
"Council decisions","7","2"
"Total","11","3"
"Total","11"
"Non-legislative acts"
"Delegated acts"
"Commission delegated regulations","0","0"
"Commission delegated directives","0","0"
"Commission delegated decisions","0","0"
"Total","0","0"
"Total","0"
"Implementing acts"
"Council implementing regulations","0","0"
"Council implementing decisions","0","0"
"Commission implementing regulations","0","0"
"Commission implementing directives","0","0"
"Commission implementing decisions","0","0"
"Total","0","0"
"Total","0"
"Other acts"
"Commission regulations","49","23"
"Commission directives","0","1"
"Commission decisions","19","9"
"European Central Bank regulations","0","0"
"European Central Bank decisions","0","0"
"European Central Bank guidelines****","0","0"
"European Central Bank recommendations","0","0"
"European Central Bank opinions","0","0"
"Total","68","33"
"Total","68"
"Statistics for","1991","10"
"","Adopted acts"
"","Basic","Amending"
"Legislative acts - Ordinary legislative procedure"
"Regulations of the European Parliament and of the Council","0","0"
"Directives of the European Parliament and of the Council","0","0"
"Decisions of the European Parliament and of the Council","0","0"
"Total","0","0"
"Total","0"
"Other legislative acts"
"Council regulations","9","8"
"Council directives","1","2"
"Council decisions","5","7"
"Total","15","17"
"Total","15"
"Non-legislative acts"
"Delegated acts"
"Commission delegated regulations","0","0"
"Commission delegated directives","0","0"
"Commission delegated decisions","0","0"
"Total","0","0"
"Total","0"
"Implementing acts"
"Council implementing regulations","0","0"
"Council implementing decisions","0","0"
"Commission implementing regulations","0","0"
"Commission implementing directives","0","0"
"Commission implementing decisions","0","0"
"Total","0","0"
"Total","0"
"Other acts"
"Commission regulations","64","37"
"Commission directives","0","1"
"Commission decisions","24","6"
"European Central Bank regulations","0","0"
"European Central Bank decisions","0","0"
"European Central Bank guidelines****","0","0"
"European Central Bank recommendations","0","0"
"European Central Bank opinions","0","0"
"Total","88","44"
"Total","88"
"Statistics for","1991","11"
"","Adopted acts"
"","Basic","Amending"
"Legislative acts - Ordinary legislative procedure"
"Regulations of the European Parliament and of the Council","0","0"
"Directives of the European Parliament and of the Council","0","0"
"Decisions of the European Parliament and of the Council","0","0"
"Total","0","0"
"Total","0"
"Other legislative acts"
"Council regulations","25","7"
"Council directives","3","0"
"Council decisions","6","0"
"Total","34","7"
"Total","34"
"Non-legislative acts"
"Delegated acts"
"Commission delegated regulations","0","0"
"Commission delegated directives","0","0"
"Commission delegated decisions","0","0"
"Total","0","0"
"Total","0"
"Implementing acts"
"Council implementing regulations","0","0"
"Council implementing decisions","0","0"
"Commission implementing regulations","0","0"
"Commission implementing directives","0","0"
"Commission implementing decisions","0","0"
"Total","0","0"
"Total","0"
"Other acts"
"Commission regulations","50","29"
"Commission directives","0","1"
"Commission decisions","18","18"
"European Central Bank regulations","0","0"
"European Central Bank decisions","0","0"
"European Central Bank guidelines****","0","0"
"European Central Bank recommendations","0","0"
"European Central Bank opinions","0","0"
"Total","68","48"
"Total","68"
"Statistics for","1991","12"
"","Adopted acts"
"","Basic","Amending"
"Legislative acts - Ordinary legislative procedure"
"Regulations of the European Parliament and of the Council","0","0"
"Directives of the European Parliament and of the Council","0","0"
"Decisions of the European Parliament and of the Council","0","0"
"Total","0","0"
"Total","0"
"Other legislative acts"
"Council regulations","63","26"
"Council directives","11","7"
"Council decisions","12","9"
"Total","86","42"
"Total","86"
"Non-legislative acts"
"Delegated acts"
"Commission delegated regulations","0","0"
"Commission delegated directives","0","0"
"Commission delegated decisions","0","0"
"Total","0","0"
"Total","0"
"Implementing acts"
"Council implementing regulations","0","0"
"Council implementing decisions","0","0"
"Commission implementing regulations","0","0"
"Commission implementing directives","0","0"
"Commission implementing decisions","0","0"
"Total","0","0"
"Total","0"
"Other acts"
"Commission regulations","97","49"
"Commission directives","1","4"
"Commission decisions","125","12"
"European Central Bank regulations","0","0"
"European Central Bank decisions","0","0"
"European Central Bank guidelines****","0","0"
"European Central Bank recommendations","0","0"
"European Central Bank opinions","0","0"
"Total","223","65"
"Total","223"
"Statistics for","1992","1"
"","Adopted acts"
"","Basic","Amending"
"Legislative acts - Ordinary legislative procedure"
"Regulations of the European Parliament and of the Council","0","0"
"Directives of the European Parliament and of the Council","0","0"
"Decisions of the European Parliament and of the Council","0","0"
"Total","0","0"
"Total","0"
"Other legislative acts"
"Council regulations","8","5"
"Council directives","0","0"
"Council decisions","3","0"
"Total","11","5"
"Total","11"
"Non-legislative acts"
"Delegated acts"
"Commission delegated regulations","0","0"
"Commission delegated directives","0","0"
"Commission delegated decisions","0","0"
"Total","0","0"
"Total","0"
"Implementing acts"
"Council implementing regulations","0","0"
"Council implementing decisions","0","0"
"Commission implementing regulations","0","0"
"Commission implementing directives","0","0"
"Commission implementing decisions","0","0"
"Total","0","0"
"Total","0"
"Other acts"
"Commission regulations","36","15"
"Commission directives","2","0"
"Commission decisions","20","7"
"European Central Bank regulations","0","0"
"European Central Bank decisions","0","0"
"European Central Bank guidelines****","0","0"
"European Central Bank recommendations","0","0"
"European Central Bank opinions","0","0"
"Total","58","22"
"Total","58"
"Statistics for","1992","2"
"","Adopted acts"
"","Basic","Amending"
"Legislative acts - Ordinary legislative procedure"
"Regulations of the European Parliament and of the Council","0","0"
"Directives of the European Parliament and of the Council","0","0"
"Decisions of the European Parliament and of the Council","0","0"
"Total","0","0"
"Total","0"
"Other legislative acts"
"Council regulations","14","10"
"Council directives","5","1"
"Council decisions","8","3"
"Total","27","14"
"Total","27"
"Non-legislative acts"
"Delegated acts"
"Commission delegated regulations","0","0"
"Commission delegated directives","0","0"
"Commission delegated decisions","0","0"
"Total","0","0"
"Total","0"
"Implementing acts"
"Council implementing regulations","0","0"
"Council implementing decisions","0","0"
"Commission implementing regulations","0","0"
"Commission implementing directives","0","0"
"Commission implementing decisions","0","0"
"Total","0","0"
"Total","0"
"Other acts"
"Commission regulations","42","25"
"Commission directives","0","4"
"Commission decisions","33","8"
"European Central Bank regulations","0","0"
"European Central Bank decisions","0","0"
"European Central Bank guidelines****","0","0"
"European Central Bank recommendations","0","0"
"European Central Bank opinions","0","0"
"Total","75","37"
"Total","75"
"Statistics for","1992","3"
"","Adopted acts"
"","Basic","Amending"
"Legislative acts - Ordinary legislative procedure"
"Regulations of the European Parliament and of the Council","0","0"
"Directives of the European Parliament and of the Council","0","0"
"Decisions of the European Parliament and of the Council","0","0"
"Total","0","0"
"Total","0"
"Other legislative acts"
"Council regulations","15","12"
"Council directives","11","2"
"Council decisions","12","10"
"Total","38","24"
"Total","38"
"Non-legislative acts"
"Delegated acts"
"Commission delegated regulations","0","0"
"Commission delegated directives","0","0"
"Commission delegated decisions","0","0"
"Total","0","0"
"Total","0"
"Implementing acts"
"Council implementing regulations","0","0"
"Council implementing decisions","0","0"
"Commission implementing regulations","0","0"
"Commission implementing directives","0","0"
"Commission implementing decisions","0","0"
"Total","0","0"
"Total","0"
"Other acts"
"Commission regulations","59","34"
"Commission directives","0","4"
"Commission decisions","31","7"
"European Central Bank regulations","0","0"
"European Central Bank decisions","0","0"
"European Central Bank guidelines****","0","0"
"European Central Bank recommendations","0","0"
"European Central Bank opinions","0","0"
"Total","90","45"
"Total","90"
"Statistics for","1992","4"
"","Adopted acts"
"","Basic","Amending"
"Legislative acts - Ordinary legislative procedure"
"Regulations of the European Parliament and of the Council","0","0"
"Directives of the European Parliament and of the Council","0","0"
"Decisions of the European Parliament and of the Council","0","0"
"Total","0","0"
"Total","0"
"Other legislative acts"
"Council regulations","5","9"
"Council directives","5","2"
"Council decisions","7","3"
"Total","17","14"
"Total","17"
"Non-legislative acts"
"Delegated acts"
"Commission delegated regulations","0","0"
"Commission delegated directives","0","0"
"Commission delegated decisions","0","0"
"Total","0","0"
"Total","0"
"Implementing acts"
"Council implementing regulations","0","0"
"Council implementing decisions","0","0"
"Commission implementing regulations","0","0"
"Commission implementing directives","0","0"
"Commission implementing decisions","0","0"
"Total","0","0"
"Total","0"
"Other acts"
"Commission regulations","66","28"
"Commission directives","0","1"
"Commission decisions","31","3"
"European Central Bank regulations","0","0"
"European Central Bank decisions","0","0"
"European Central Bank guidelines****","0","0"
"European Central Bank recommendations","0","0"
"European Central Bank opinions","0","0"
"Total","97","32"
"Total","97"
"Statistics for","1992","5"
"","Adopted acts"
"","Basic","Amending"
"Legislative acts - Ordinary legislative procedure"
"Regulations of the European Parliament and of the Council","0","0"
"Directives of the European Parliament and of the Council","0","0"
"Decisions of the European Parliament and of the Council","0","0"
"Total","0","0"
"Total","0"
"Other legislative acts"
"Council regulations","11","6"
"Council directives","4","1"
"Council decisions","4","0"
"Total","19","7"
"Total","19"
"Non-legislative acts"
"Delegated acts"
"Commission delegated regulations","0","0"
"Commission delegated directives","0","0"
"Commission delegated decisions","0","0"
"Total","0","0"
"Total","0"
"Implementing acts"
"Council implementing regulations","0","0"
"Council implementing decisions","0","0"
"Commission implementing regulations","0","0"
"Commission implementing directives","0","0"
"Commission implementing decisions","0","0"
"Total","0","0"
"Total","0"
"Other acts"
"Commission regulations","48","22"
"Commission directives","0","1"
"Commission decisions","21","7"
"European Central Bank regulations","0","0"
"European Central Bank decisions","0","0"
"European Central Bank guidelines****","0","0"
"European Central Bank recommendations","0","0"
"European Central Bank opinions","0","0"
"Total","69","30"
"Total","69"
"Statistics for","1992","6"
"","Adopted acts"
"","Basic","Amending"
"Legislative acts - Ordinary legislative procedure"
"Regulations of the European Parliament and of the Council","0","0"
"Directives of the European Parliament and of the Council","0","0"
"Decisions of the European Parliament and of the Council","0","0"
"Total","0","0"
"Total","0"
"Other legislative acts"
"Council regulations","63","35"
"Council directives","13","5"
"Council decisions","5","7"
"Total","81","47"
"Total","81"
"Non-legislative acts"
"Delegated acts"
"Commission delegated regulations","0","0"
"Commission delegated directives","0","0"
"Commission delegated decisions","0","0"
"Total","0","0"
"Total","0"
"Implementing acts"
"Council implementing regulations","0","0"
"Council implementing decisions","0","0"
"Commission implementing regulations","0","0"
"Commission implementing directives","0","0"
"Commission implementing decisions","0","0"
"Total","0","0"
"Total","0"
"Other acts"
"Commission regulations","70","39"
"Commission directives","0","0"
"Commission decisions","33","8"
"European Central Bank regulations","0","0"
"European Central Bank decisions","0","0"
"European Central Bank guidelines****","0","0"
"European Central Bank recommendations","0","0"
"European Central Bank opinions","0","0"
"Total","103","47"
"Total","103"
"Statistics for","1992","7"
"","Adopted acts"
"","Basic","Amending"
"Legislative acts - Ordinary legislative procedure"
"Regulations of the European Parliament and of the Council","0","0"
"Directives of the European Parliament and of the Council","0","0"
"Decisions of the European Parliament and of the Council","0","0"
"Total","0","0"
"Total","0"
"Other legislative acts"
"Council regulations","28","14"
"Council directives","2","2"
"Council decisions","8","3"
"Total","38","19"
"Total","38"
"Non-legislative acts"
"Delegated acts"
"Commission delegated regulations","0","0"
"Commission delegated directives","0","0"
"Commission delegated decisions","0","0"
"Total","0","0"
"Total","0"
"Implementing acts"
"Council implementing regulations","0","0"
"Council implementing decisions","0","0"
"Commission implementing regulations","0","0"
"Commission implementing directives","0","0"
"Commission implementing decisions","0","0"
"Total","0","0"
"Total","0"
"Other acts"
"Commission regulations","134","50"
"Commission directives","2","3"
"Commission decisions","40","10"
"European Central Bank regulations","0","0"
"European Central Bank decisions","0","0"
"European Central Bank guidelines****","0","0"
"European Central Bank recommendations","0","0"
"European Central Bank opinions","0","0"
"Total","176","63"
"Total","176"
"Statistics for","1992","8"
"","Adopted acts"
"","Basic","Amending"
"Legislative acts - Ordinary legislative procedure"
"Regulations of the European Parliament and of the Council","0","0"
"Directives of the European Parliament and of the Council","0","0"
"Decisions of the European Parliament and of the Council","0","0"
"Total","0","0"
"Total","0"
"Other legislative acts"
"Council regulations","6","1"
"Council directives","0","0"
"Council decisions","0","0"
"Total","6","1"
"Total","6"
"Non-legislative acts"
"Delegated acts"
"Commission delegated regulations","0","0"
"Commission delegated directives","0","0"
"Commission delegated decisions","0","0"
"Total","0","0"
"Total","0"
"Implementing acts"
"Council implementing regulations","0","0"
"Council implementing decisions","0","0"
"Commission implementing regulations","0","0"
"Commission implementing directives","0","0"
"Commission implementing decisions","0","0"
"Total","0","0"
"Total","0"
"Other acts"
"Commission regulations","50","11"
"Commission directives","0","0"
"Commission decisions","8","0"
"European Central Bank regulations","0","0"
"European Central Bank decisions","0","0"
"European Central Bank guidelines****","0","0"
"European Central Bank recommendations","0","0"
"European Central Bank opinions","0","0"
"Total","58","11"
"Total","58"
"Statistics for","1992","9"
"","Adopted acts"
"","Basic","Amending"
"Legislative acts - Ordinary legislative procedure"
"Regulations of the European Parliament and of the Council","0","0"
"Directives of the European Parliament and of the Council","0","0"
"Decisions of the European Parliament and of the Council","0","0"
"Total","0","0"
"Total","0"
"Other legislative acts"
"Council regulations","5","7"
"Council directives","4","0"
"Council decisions","3","0"
"Total","12","7"
"Total","12"
"Non-legislative acts"
"Delegated acts"
"Commission delegated regulations","0","0"
"Commission delegated directives","0","0"
"Commission delegated decisions","0","0"
"Total","0","0"
"Total","0"
"Implementing acts"
"Council implementing regulations","0","0"
"Council implementing decisions","0","0"
"Commission implementing regulations","0","0"
"Commission implementing directives","0","0"
"Commission implementing decisions","0","0"
"Total","0","0"
"Total","0"
"Other acts"
"Commission regulations","37","16"
"Commission directives","1","0"
"Commission decisions","21","6"
"European Central Bank regulations","0","0"
"European Central Bank decisions","0","0"
"European Central Bank guidelines****","0","0"
"European Central Bank recommendations","0","0"
"European Central Bank opinions","0","0"
"Total","59","22"
"Total","59"
"Statistics for","1992","10"
"","Adopted acts"
"","Basic","Amending"
"Legislative acts - Ordinary legislative procedure"
"Regulations of the European Parliament and of the Council","0","0"
"Directives of the European Parliament and of the Council","0","0"
"Decisions of the European Parliament and of the Council","0","0"
"Total","0","0"
"Total","0"
"Other legislative acts"
"Council regulations","7","12"
"Council directives","7","3"
"Council decisions","9","0"
"Total","23","15"
"Total","23"
"Non-legislative acts"
"Delegated acts"
"Commission delegated regulations","0","0"
"Commission delegated directives","0","0"
"Commission delegated decisions","0","0"
"Total","0","0"
"Total","0"
"Implementing acts"
"Council implementing regulations","0","0"
"Council implementing decisions","0","0"
"Commission implementing regulations","0","0"
"Commission implementing directives","0","0"
"Commission implementing decisions","0","0"
"Total","0","0"
"Total","0"
"Other acts"
"Commission regulations","76","22"
"Commission directives","2","1"
"Commission decisions","12","4"
"European Central Bank regulations","0","0"
"European Central Bank decisions","0","0"
"European Central Bank guidelines****","0","0"
"European Central Bank recommendations","0","0"
"European Central Bank opinions","0","0"
"Total","90","27"
"Total","90"
"Statistics for","1992","11"
"","Adopted acts"
"","Basic","Amending"
"Legislative acts - Ordinary legislative procedure"
"Regulations of the European Parliament and of the Council","0","0"
"Directives of the European Parliament and of the Council","0","0"
"Decisions of the European Parliament and of the Council","0","0"
"Total","0","0"
"Total","0"
"Other legislative acts"
"Council regulations","17","10"
"Council directives","5","5"
"Council decisions","14","4"
"Total","36","19"
"Total","36"
"Non-legislative acts"
"Delegated acts"
"Commission delegated regulations","0","0"
"Commission delegated directives","0","0"
"Commission delegated decisions","0","0"
"Total","0","0"
"Total","0"
"Implementing acts"
"Council implementing regulations","0","0"
"Council implementing decisions","0","0"
"Commission implementing regulations","0","0"
"Commission implementing directives","0","0"
"Commission implementing decisions","0","0"
"Total","0","0"
"Total","0"
"Other acts"
"Commission regulations","40","25"
"Commission directives","1","3"
"Commission decisions","24","9"
"European Central Bank regulations","0","0"
"European Central Bank decisions","0","0"
"European Central Bank guidelines****","0","0"
"European Central Bank recommendations","0","0"
"European Central Bank opinions","0","0"
"Total","65","37"
"Total","65"
"Statistics for","1992","12"
"","Adopted acts"
"","Basic","Amending"
"Legislative acts - Ordinary legislative procedure"
"Regulations of the European Parliament and of the Council","0","0"
"Directives of the European Parliament and of the Council","0","0"
"Decisions of the European Parliament and of the Council","0","0"
"Total","0","0"
"Total","0"
"Other legislative acts"
"Council regulations","59","22"
"Council directives","13","3"
"Council decisions","19","9"
"Total","91","34"
"Total","91"
"Non-legislative acts"
"Delegated acts"
"Commission delegated regulations","0","0"
"Commission delegated directives","0","0"
"Commission delegated decisions","0","0"
"Total","0","0"
"Total","0"
"Implementing acts"
"Council implementing regulations","0","0"
"Council implementing decisions","0","0"
"Commission implementing regulations","0","0"
"Commission implementing directives","0","0"
"Commission implementing decisions","0","0"
"Total","0","0"
"Total","0"
"Other acts"
"Commission regulations","106","86"
"Commission directives","1","3"
"Commission decisions","93","22"
"European Central Bank regulations","0","0"
"European Central Bank decisions","0","0"
"European Central Bank guidelines****","0","0"
"European Central Bank recommendations","0","0"
"European Central Bank opinions","0","0"
"Total","200","111"
"Total","200"
"Statistics for","1993","1"
"","Adopted acts"
"","Basic","Amending"
"Legislative acts - Ordinary legislative procedure"
"Regulations of the European Parliament and of the Council","0","0"
"Directives of the European Parliament and of the Council","0","0"
"Decisions of the European Parliament and of the Council","0","0"
"Total","0","0"
"Total","0"
"Other legislative acts"
"Council regulations","4","4"
"Council directives","0","0"
"Council decisions","2","0"
"Total","6","4"
"Total","6"
"Non-legislative acts"
"Delegated acts"
"Commission delegated regulations","0","0"
"Commission delegated directives","0","0"
"Commission delegated decisions","0","0"
"Total","0","0"
"Total","0"
"Implementing acts"
"Council implementing regulations","0","0"
"Council implementing decisions","0","0"
"Commission implementing regulations","0","0"
"Commission implementing directives","0","0"
"Commission implementing decisions","0","0"
"Total","0","0"
"Total","0"
"Other acts"
"Commission regulations","15","10"
"Commission directives","0","2"
"Commission decisions","9","3"
"European Central Bank regulations","0","0"
"European Central Bank decisions","0","0"
"European Central Bank guidelines****","0","0"
"European Central Bank recommendations","0","0"
"European Central Bank opinions","0","0"
"Total","24","15"
"Total","24"
"Statistics for","1993","2"
"","Adopted acts"
"","Basic","Amending"
"Legislative acts - Ordinary legislative procedure"
"Regulations of the European Parliament and of the Council","0","0"
"Directives of the European Parliament and of the Council","0","0"
"Decisions of the European Parliament and of the Council","0","0"
"Total","0","0"
"Total","0"
"Other legislative acts"
"Council regulations","15","4"
"Council directives","1","1"
"Council decisions","11","2"
"Total","27","7"
"Total","27"
"Non-legislative acts"
"Delegated acts"
"Commission delegated regulations","0","0"
"Commission delegated directives","0","0"
"Commission delegated decisions","0","0"
"Total","0","0"
"Total","0"
"Implementing acts"
"Council implementing regulations","0","0"
"Council implementing decisions","0","0"
"Commission implementing regulations","0","0"
"Commission implementing directives","0","0"
"Commission implementing decisions","0","0"
"Total","0","0"
"Total","0"
"Other acts"
"Commission regulations","38","21"
"Commission directives","0","1"
"Commission decisions","27","3"
"European Central Bank regulations","0","0"
"European Central Bank decisions","0","0"
"European Central Bank guidelines****","0","0"
"European Central Bank recommendations","0","0"
"European Central Bank opinions","0","0"
"Total","65","25"
"Total","65"
"Statistics for","1993","3"
"","Adopted acts"
"","Basic","Amending"
"Legislative acts - Ordinary legislative procedure"
"Regulations of the European Parliament and of the Council","0","0"
"Directives of the European Parliament and of the Council","0","0"
"Decisions of the European Parliament and of the Council","0","0"
"Total","0","0"
"Total","0"
"Other legislative acts"
"Council regulations","30","5"
"Council directives","2","0"
"Council decisions","8","1"
"Total","40","6"
"Total","40"
"Non-legislative acts"
"Delegated acts"
"Commission delegated regulations","0","0"
"Commission delegated directives","0","0"
"Commission delegated decisions","0","0"
"Total","0","0"
"Total","0"
"Implementing acts"
"Council implementing regulations","0","0"
"Council implementing decisions","0","0"
"Commission implementing regulations","0","0"
"Commission implementing directives","0","0"
"Commission implementing decisions","0","0"
"Total","0","0"
"Total","0"
"Other acts"
"Commission regulations","47","39"
"Commission directives","3","2"
"Commission decisions","40","8"
"European Central Bank regulations","0","0"
"European Central Bank decisions","0","0"
"European Central Bank guidelines****","0","0"
"European Central Bank recommendations","0","0"
"European Central Bank opinions","0","0"
"Total","90","49"
"Total","90"
"Statistics for","1993","4"
"","Adopted acts"
"","Basic","Amending"
"Legislative acts - Ordinary legislative procedure"
"Regulations of the European Parliament and of the Council","0","0"
"Directives of the European Parliament and of the Council","0","0"
"Decisions of the European Parliament and of the Council","0","0"
"Total","0","0"
"Total","0"
"Other legislative acts"
"Council regulations","17","4"
"Council directives","4","1"
"Council decisions","4","1"
"Total","25","6"
"Total","25"
"Non-legislative acts"
"Delegated acts"
"Commission delegated regulations","0","0"
"Commission delegated directives","0","0"
"Commission delegated decisions","0","0"
"Total","0","0"
"Total","0"
"Implementing acts"
"Council implementing regulations","0","0"
"Council implementing decisions","0","0"
"Commission implementing regulations","0","0"
"Commission implementing directives","0","0"
"Commission implementing decisions","0","0"
"Total","0","0"
"Total","0"
"Other acts"
"Commission regulations","33","26"
"Commission directives","0","2"
"Commission decisions","19","14"
"European Central Bank regulations","0","0"
"European Central Bank decisions","0","0"
"European Central Bank guidelines****","0","0"
"European Central Bank recommendations","0","0"
"European Central Bank opinions","0","0"
"Total","52","42"
"Total","52"
"Statistics for","1993","5"
"","Adopted acts"
"","Basic","Amending"
"Legislative acts - Ordinary legislative procedure"
"Regulations of the European Parliament and of the Council","0","0"
"Directives of the European Parliament and of the Council","0","0"
"Decisions of the European Parliament and of the Council","0","0"
"Total","0","0"
"Total","0"
"Other legislative acts"
"Council regulations","7","4"
"Council directives","0","0"
"Council decisions","7","0"
"Total","14","4"
"Total","14"
"Non-legislative acts"
"Delegated acts"
"Commission delegated regulations","0","0"
"Commission delegated directives","0","0"
"Commission delegated decisions","0","0"
"Total","0","0"
"Total","0"
"Implementing acts"
"Council implementing regulations","0","0"
"Council implementing decisions","0","0"
"Commission implementing regulations","0","0"
"Commission implementing directives","0","0"
"Commission implementing decisions","0","0"
"Total","0","0"
"Total","0"
"Other acts"
"Commission regulations","51","24"
"Commission directives","0","0"
"Commission decisions","26","7"
"European Central Bank regulations","0","0"
"European Central Bank decisions","0","0"
"European Central Bank guidelines****","0","0"
"European Central Bank recommendations","0","0"
"European Central Bank opinions","0","0"
"Total","77","31"
"Total","77"
"Statistics for","1993","6"
"","Adopted acts"
"","Basic","Amending"
"Legislative acts - Ordinary legislative procedure"
"Regulations of the European Parliament and of the Council","0","0"
"Directives of the European Parliament and of the Council","0","0"
"Decisions of the European Parliament and of the Council","0","0"
"Total","0","0"
"Total","0"
"Other legislative acts"
"Council regulations","43","20"
"Council directives","16","10"
"Council decisions","6","2"
"Total","65","32"
"Total","65"
"Non-legislative acts"
"Delegated acts"
"Commission delegated regulations","0","0"
"Commission delegated directives","0","0"
"Commission delegated decisions","0","0"
"Total","0","0"
"Total","0"
"Implementing acts"
"Council implementing regulations","0","0"
"Council implementing decisions","0","0"
"Commission implementing regulations","0","0"
"Commission implementing directives","0","0"
"Commission implementing decisions","0","0"
"Total","0","0"
"Total","0"
"Other acts"
"Commission regulations","91","71"
"Commission directives","5","7"
"Commission decisions","30","7"
"European Central Bank regulations","0","0"
"European Central Bank decisions","0","0"
"European Central Bank guidelines****","0","0"
"European Central Bank recommendations","0","0"
"European Central Bank opinions","0","0"
"Total","126","85"
"Total","126"
"Statistics for","1993","7"
"","Adopted acts"
"","Basic","Amending"
"Legislative acts - Ordinary legislative procedure"
"Regulations of the European Parliament and of the Council","0","0"
"Directives of the European Parliament and of the Council","0","0"
"Decisions of the European Parliament and of the Council","0","0"
"Total","0","0"
"Total","0"
"Other legislative acts"
"Council regulations","16","18"
"Council directives","1","2"
"Council decisions","10","1"
"Total","27","21"
"Total","27"
"Non-legislative acts"
"Delegated acts"
"Commission delegated regulations","0","0"
"Commission delegated directives","0","0"
"Commission delegated decisions","0","0"
"Total","0","0"
"Total","0"
"Implementing acts"
"Council implementing regulations","0","0"
"Council implementing decisions","0","0"
"Commission implementing regulations","0","0"
"Commission implementing directives","0","0"
"Commission implementing decisions","0","0"
"Total","0","0"
"Total","0"
"Other acts"
"Commission regulations","96","55"
"Commission directives","6","2"
"Commission decisions","69","12"
"European Central Bank regulations","0","0"
"European Central Bank decisions","0","0"
"European Central Bank guidelines****","0","0"
"European Central Bank recommendations","0","0"
"European Central Bank opinions","0","0"
"Total","171","69"
"Total","171"
"Statistics for","1993","8"
"","Adopted acts"
"","Basic","Amending"
"Legislative acts - Ordinary legislative procedure"
"Regulations of the European Parliament and of the Council","0","0"
"Directives of the European Parliament and of the Council","0","0"
"Decisions of the European Parliament and of the Council","0","0"
"Total","0","0"
"Total","0"
"Other legislative acts"
"Council regulations","1","6"
"Council directives","0","0"
"Council decisions","0","0"
"Total","1","6"
"Total","1"
"Non-legislative acts"
"Delegated acts"
"Commission delegated regulations","0","0"
"Commission delegated directives","0","0"
"Commission delegated decisions","0","0"
"Total","0","0"
"Total","0"
"Implementing acts"
"Council implementing regulations","0","0"
"Council implementing decisions","0","0"
"Commission implementing regulations","0","0"
"Commission implementing directives","0","0"
"Commission implementing decisions","0","0"
"Total","0","0"
"Total","0"
"Other acts"
"Commission regulations","25","10"
"Commission directives","0","0"
"Commission decisions","9","0"
"European Central Bank regulations","0","0"
"European Central Bank decisions","0","0"
"European Central Bank guidelines****","0","0"
"European Central Bank recommendations","0","0"
"European Central Bank opinions","0","0"
"Total","34","10"
"Total","34"
"Statistics for","1993","9"
"","Adopted acts"
"","Basic","Amending"
"Legislative acts - Ordinary legislative procedure"
"Regulations of the European Parliament and of the Council","0","0"
"Directives of the European Parliament and of the Council","0","0"
"Decisions of the European Parliament and of the Council","0","0"
"Total","0","0"
"Total","0"
"Other legislative acts"
"Council regulations","9","7"
"Council directives","5","0"
"Council decisions","5","2"
"Total","19","9"
"Total","19"
"Non-legislative acts"
"Delegated acts"
"Commission delegated regulations","0","0"
"Commission delegated directives","0","0"
"Commission delegated decisions","0","0"
"Total","0","0"
"Total","0"
"Implementing acts"
"Council implementing regulations","0","0"
"Council implementing decisions","0","0"
"Commission implementing regulations","0","0"
"Commission implementing directives","0","0"
"Commission implementing decisions","0","0"
"Total","0","0"
"Total","0"
"Other acts"
"Commission regulations","57","29"
"Commission directives","5","2"
"Commission decisions","20","11"
"European Central Bank regulations","0","0"
"European Central Bank decisions","0","0"
"European Central Bank guidelines****","0","0"
"European Central Bank recommendations","0","0"
"European Central Bank opinions","0","0"
"Total","82","42"
"Total","82"
"Statistics for","1993","10"
"","Adopted acts"
"","Basic","Amending"
"Legislative acts - Ordinary legislative procedure"
"Regulations of the European Parliament and of the Council","0","0"
"Directives of the European Parliament and of the Council","0","0"
"Decisions of the European Parliament and of the Council","0","0"
"Total","0","0"
"Total","0"
"Other legislative acts"
"Council regulations","9","7"
"Council directives","9","2"
"Council decisions","23","2"
"Total","41","11"
"Total","41"
"Non-legislative acts"
"Delegated acts"
"Commission delegated regulations","0","0"
"Commission delegated directives","0","0"
"Commission delegated decisions","0","0"
"Total","0","0"
"Total","0"
"Implementing acts"
"Council implementing regulations","0","0"
"Council implementing decisions","0","0"
"Commission implementing regulations","0","0"
"Commission implementing directives","0","0"
"Commission implementing decisions","0","0"
"Total","0","0"
"Total","0"
"Other acts"
"Commission regulations","61","47"
"Commission directives","3","1"
"Commission decisions","55","14"
"European Central Bank regulations","0","0"
"European Central Bank decisions","0","0"
"European Central Bank guidelines****","0","0"
"European Central Bank recommendations","0","0"
"European Central Bank opinions","0","0"
"Total","119","62"
"Total","119"
"Statistics for","1993","11"
"","Adopted acts"
"","Basic","Amending"
"Legislative acts - Ordinary legislative procedure"
"Regulations of the European Parliament and of the Council","0","0"
"Directives of the European Parliament and of the Council","0","0"
"Decisions of the European Parliament and of the Council","0","0"
"Total","0","0"
"Total","0"
"Other legislative acts"
"Council regulations","12","9"
"Council directives","2","0"
"Council decisions","20","1"
"Total","34","10"
"Total","34"
"Non-legislative acts"
"Delegated acts"
"Commission delegated regulations","0","0"
"Commission delegated directives","0","0"
"Commission delegated decisions","0","0"
"Total","0","0"
"Total","0"
"Implementing acts"
"Council implementing regulations","0","0"
"Council implementing decisions","0","0"
"Commission implementing regulations","0","0"
"Commission implementing directives","0","0"
"Commission implementing decisions","0","0"
"Total","0","0"
"Total","0"
"Other acts"
"Commission regulations","62","24"
"Commission directives","2","3"
"Commission decisions","39","13"
"European Central Bank regulations","0","0"
"European Central Bank decisions","0","0"
"European Central Bank guidelines****","0","0"
"European Central Bank recommendations","0","0"
"European Central Bank opinions","0","0"
"Total","103","40"
"Total","103"
"Statistics for","1993","12"
"","Adopted acts"
"","Basic","Amending"
"Legislative acts - Ordinary legislative procedure"
"Regulations of the European Parliament and of the Council","0","0"
"Directives of the European Parliament and of the Council","0","0"
"Decisions of the European Parliament and of the Council","0","0"
"Total","0","0"
"Total","0"
"Other legislative acts"
"Council regulations","64","12"
"Council directives","3","5"
"Council decisions","34","6"
"Total","101","23"
"Total","101"
"Non-legislative acts"
"Delegated acts"
"Commission delegated regulations","0","0"
"Commission delegated directives","0","0"
"Commission delegated decisions","0","0"
"Total","0","0"
"Total","0"
"Implementing acts"
"Council implementing regulations","0","0"
"Council implementing decisions","0","0"
"Commission implementing regulations","0","0"
"Commission implementing directives","0","0"
"Commission implementing decisions","0","0"
"Total","0","0"
"Total","0"
"Other acts"
"Commission regulations","68","60"
"Commission directives","2","4"
"Commission decisions","121","12"
"European Central Bank regulations","0","0"
"European Central Bank decisions","0","0"
"European Central Bank guidelines****","0","0"
"European Central Bank recommendations","0","0"
"European Central Bank opinions","0","0"
"Total","191","76"
"Total","191"
"Statistics for","1994","1"
"","Adopted acts"
"","Basic","Amending"
"Legislative acts - Ordinary legislative procedure"
"Regulations of the European Parliament and of the Council","0","0"
"Directives of the European Parliament and of the Council","0","0"
"Decisions of the European Parliament and of the Council","0","0"
"Total","0","0"
"Total","0"
"Other legislative acts"
"Council regulations","6","13"
"Council directives","0","0"
"Council decisions","4","1"
"Total","10","14"
"Total","10"
"Non-legislative acts"
"Delegated acts"
"Commission delegated regulations","0","0"
"Commission delegated directives","0","0"
"Commission delegated decisions","0","0"
"Total","0","0"
"Total","0"
"Implementing acts"
"Council implementing regulations","0","0"
"Council implementing decisions","0","0"
"Commission implementing regulations","0","0"
"Commission implementing directives","0","0"
"Commission implementing decisions","0","0"
"Total","0","0"
"Total","0"
"Other acts"
"Commission regulations","14","19"
"Commission directives","2","1"
"Commission decisions","22","4"
"European Central Bank regulations","0","0"
"European Central Bank decisions","0","0"
"European Central Bank guidelines****","0","0"
"European Central Bank recommendations","0","0"
"European Central Bank opinions","0","0"
"Total","38","24"
"Total","38"
"Statistics for","1994","2"
"","Adopted acts"
"","Basic","Amending"
"Legislative acts - Ordinary legislative procedure"
"Regulations of the European Parliament and of the Council","0","0"
"Directives of the European Parliament and of the Council","0","0"
"Decisions of the European Parliament and of the Council","0","0"
"Total","0","0"
"Total","0"
"Other legislative acts"
"Council regulations","16","5"
"Council directives","1","1"
"Council decisions","10","1"
"Total","27","7"
"Total","27"
"Non-legislative acts"
"Delegated acts"
"Commission delegated regulations","0","0"
"Commission delegated directives","0","0"
"Commission delegated decisions","0","0"
"Total","0","0"
"Total","0"
"Implementing acts"
"Council implementing regulations","0","0"
"Council implementing decisions","0","0"
"Commission implementing regulations","0","0"
"Commission implementing directives","0","0"
"Commission implementing decisions","0","0"
"Total","0","0"
"Total","0"
"Other acts"
"Commission regulations","36","27"
"Commission directives","0","0"
"Commission decisions","46","17"
"European Central Bank regulations","0","0"
"European Central Bank decisions","0","0"
"European Central Bank guidelines****","0","0"
"European Central Bank recommendations","0","0"
"European Central Bank opinions","0","0"
"Total","82","44"
"Total","82"
"Statistics for","1994","3"
"","Adopted acts"
"","Basic","Amending"
"Legislative acts - Ordinary legislative procedure"
"Regulations of the European Parliament and of the Council","0","0"
"Directives of the European Parliament and of the Council","3","1"
"Decisions of the European Parliament and of the Council","0","0"
"Total","3","1"
"Total","3"
"Other legislative acts"
"Council regulations","18","5"
"Council directives","0","2"
"Council decisions","12","3"
"Total","30","10"
"Total","30"
"Non-legislative acts"
"Delegated acts"
"Commission delegated regulations","0","0"
"Commission delegated directives","0","0"
"Commission delegated decisions","0","0"
"Total","0","0"
"Total","0"
"Implementing acts"
"Council implementing regulations","0","0"
"Council implementing decisions","0","0"
"Commission implementing regulations","0","0"
"Commission implementing directives","0","0"
"Commission implementing decisions","0","0"
"Total","0","0"
"Total","0"
"Other acts"
"Commission regulations","47","28"
"Commission directives","0","2"
"Commission decisions","25","11"
"European Central Bank regulations","0","0"
"European Central Bank decisions","0","0"
"European Central Bank guidelines****","0","0"
"European Central Bank recommendations","0","0"
"European Central Bank opinions","1","0"
"Total","73","41"
"Total","73"
"Statistics for","1994","4"
"","Adopted acts"
"","Basic","Amending"
"Legislative acts - Ordinary legislative procedure"
"Regulations of the European Parliament and of the Council","0","0"
"Directives of the European Parliament and of the Council","0","0"
"Decisions of the European Parliament and of the Council","1","0"
"Total","1","0"
"Total","1"
"Other legislative acts"
"Council regulations","7","5"
"Council directives","0","0"
"Council decisions","8","2"
"Total","15","7"
"Total","15"
"Non-legislative acts"
"Delegated acts"
"Commission delegated regulations","0","0"
"Commission delegated directives","0","0"
"Commission delegated decisions","0","0"
"Total","0","0"
"Total","0"
"Implementing acts"
"Council implementing regulations","0","0"
"Council implementing decisions","0","0"
"Commission implementing regulations","0","0"
"Commission implementing directives","0","0"
"Commission implementing decisions","0","0"
"Total","0","0"
"Total","0"
"Other acts"
"Commission regulations","36","32"
"Commission directives","1","2"
"Commission decisions","57","7"
"European Central Bank regulations","0","0"
"European Central Bank decisions","0","0"
"European Central Bank guidelines****","0","0"
"European Central Bank recommendations","0","0"
"European Central Bank opinions","1","0"
"Total","95","41"
"Total","95"
"Statistics for","1994","5"
"","Adopted acts"
"","Basic","Amending"
"Legislative acts - Ordinary legislative procedure"
"Regulations of the European Parliament and of the Council","0","0"
"Directives of the European Parliament and of the Council","4","1"
"Decisions of the European Parliament and of the Council","0","0"
"Total","4","1"
"Total","4"
"Other legislative acts"
"Council regulations","9","6"
"Council directives","0","0"
"Council decisions","6","0"
"Total","15","6"
"Total","15"
"Non-legislative acts"
"Delegated acts"
"Commission delegated regulations","0","0"
"Commission delegated directives","0","0"
"Commission delegated decisions","0","0"
"Total","0","0"
"Total","0"
"Implementing acts"
"Council implementing regulations","0","0"
"Council implementing decisions","0","0"
"Commission implementing regulations","0","0"
"Commission implementing directives","0","0"
"Commission implementing decisions","0","0"
"Total","0","0"
"Total","0"
"Other acts"
"Commission regulations","49","25"
"Commission directives","0","0"
"Commission decisions","44","15"
"European Central Bank regulations","0","0"
"European Central Bank decisions","0","0"
"European Central Bank guidelines****","0","0"
"European Central Bank recommendations","0","0"
"European Central Bank opinions","0","0"
"Total","93","40"
"Total","93"
"Statistics for","1994","6"
"","Adopted acts"
"","Basic","Amending"
"Legislative acts - Ordinary legislative procedure"
"Regulations of the European Parliament and of the Council","0","0"
"Directives of the European Parliament and of the Council","3","2"
"Decisions of the European Parliament and of the Council","0","0"
"Total","3","2"
"Total","3"
"Other legislative acts"
"Council regulations","13","3"
"Council directives","2","4"
"Council decisions","18","2"
"Total","33","9"
"Total","33"
"Non-legislative acts"
"Delegated acts"
"Commission delegated regulations","0","0"
"Commission delegated directives","0","0"
"Commission delegated decisions","0","0"
"Total","0","0"
"Total","0"
"Implementing acts"
"Council implementing regulations","0","0"
"Council implementing decisions","0","0"
"Commission implementing regulations","0","0"
"Commission implementing directives","0","0"
"Commission implementing decisions","0","0"
"Total","0","0"
"Total","0"
"Other acts"
"Commission regulations","71","39"
"Commission directives","1","2"
"Commission decisions","36","13"
"European Central Bank regulations","0","0"
"European Central Bank decisions","0","0"
"European Central Bank guidelines****","0","0"
"European Central Bank recommendations","0","0"
"European Central Bank opinions","0","0"
"Total","108","54"
"Total","108"
"Statistics for","1994","7"
"","Adopted acts"
"","Basic","Amending"
"Legislative acts - Ordinary legislative procedure"
"Regulations of the European Parliament and of the Council","0","0"
"Directives of the European Parliament and of the Council","0","0"
"Decisions of the European Parliament and of the Council","0","0"
"Total","0","0"
"Total","0"
"Other legislative acts"
"Council regulations","32","19"
"Council directives","0","2"
"Council decisions","14","1"
"Total","46","22"
"Total","46"
"Non-legislative acts"
"Delegated acts"
"Commission delegated regulations","0","0"
"Commission delegated directives","0","0"
"Commission delegated decisions","0","0"
"Total","0","0"
"Total","0"
"Implementing acts"
"Council implementing regulations","0","0"
"Council implementing decisions","0","0"
"Commission implementing regulations","0","0"
"Commission implementing directives","0","0"
"Commission implementing decisions","0","0"
"Total","0","0"
"Total","0"
"Other acts"
"Commission regulations","72","62"
"Commission directives","1","4"
"Commission decisions","67","36"
"European Central Bank regulations","0","0"
"European Central Bank decisions","0","0"
"European Central Bank guidelines****","0","0"
"European Central Bank recommendations","0","0"
"European Central Bank opinions","0","0"
"Total","140","102"
"Total","140"
"Statistics for","1994","8"
"","Adopted acts"
"","Basic","Amending"
"Legislative acts - Ordinary legislative procedure"
"Regulations of the European Parliament and of the Council","0","0"
"Directives of the European Parliament and of the Council","0","0"
"Decisions of the European Parliament and of the Council","0","0"
"Total","0","0"
"Total","0"
"Other legislative acts"
"Council regulations","2","0"
"Council directives","0","0"
"Council decisions","1","0"
"Total","3","0"
"Total","3"
"Non-legislative acts"
"Delegated acts"
"Commission delegated regulations","0","0"
"Commission delegated directives","0","0"
"Commission delegated decisions","0","0"
"Total","0","0"
"Total","0"
"Implementing acts"
"Council implementing regulations","0","0"
"Council implementing decisions","0","0"
"Commission implementing regulations","0","0"
"Commission implementing directives","0","0"
"Commission implementing decisions","0","0"
"Total","0","0"
"Total","0"
"Other acts"
"Commission regulations","19","6"
"Commission directives","0","0"
"Commission decisions","11","2"
"European Central Bank regulations","0","0"
"European Central Bank decisions","0","0"
"European Central Bank guidelines****","0","0"
"European Central Bank recommendations","0","0"
"European Central Bank opinions","0","0"
"Total","30","8"
"Total","30"
"Statistics for","1994","9"
"","Adopted acts"
"","Basic","Amending"
"Legislative acts - Ordinary legislative procedure"
"Regulations of the European Parliament and of the Council","0","0"
"Directives of the European Parliament and of the Council","0","0"
"Decisions of the European Parliament and of the Council","0","0"
"Total","0","0"
"Total","0"
"Other legislative acts"
"Council regulations","4","3"
"Council directives","1","0"
"Council decisions","5","1"
"Total","10","4"
"Total","10"
"Non-legislative acts"
"Delegated acts"
"Commission delegated regulations","0","0"
"Commission delegated directives","0","0"
"Commission delegated decisions","0","0"
"Total","0","0"
"Total","0"
"Implementing acts"
"Council implementing regulations","0","0"
"Council implementing decisions","0","0"
"Commission implementing regulations","0","0"
"Commission implementing directives","0","0"
"Commission implementing decisions","0","0"
"Total","0","0"
"Total","0"
"Other acts"
"Commission regulations","35","29"
"Commission directives","0","1"
"Commission decisions","36","8"
"European Central Bank regulations","0","0"
"European Central Bank decisions","0","0"
"European Central Bank guidelines****","0","0"
"European Central Bank recommendations","0","0"
"European Central Bank opinions","3","0"
"Total","74","38"
"Total","74"
"Statistics for","1994","10"
"","Adopted acts"
"","Basic","Amending"
"Legislative acts - Ordinary legislative procedure"
"Regulations of the European Parliament and of the Council","0","0"
"Directives of the European Parliament and of the Council","1","0"
"Decisions of the European Parliament and of the Council","0","0"
"Total","1","0"
"Total","1"
"Other legislative acts"
"Council regulations","12","5"
"Council directives","0","0"
"Council decisions","11","1"
"Total","23","6"
"Total","23"
"Non-legislative acts"
"Delegated acts"
"Commission delegated regulations","0","0"
"Commission delegated directives","0","0"
"Commission delegated decisions","0","0"
"Total","0","0"
"Total","0"
"Implementing acts"
"Council implementing regulations","0","0"
"Council implementing decisions","0","0"
"Commission implementing regulations","0","0"
"Commission implementing directives","0","0"
"Commission implementing decisions","0","0"
"Total","0","0"
"Total","0"
"Other acts"
"Commission regulations","43","43"
"Commission directives","1","1"
"Commission decisions","15","17"
"European Central Bank regulations","0","0"
"European Central Bank decisions","0","0"
"European Central Bank guidelines****","0","0"
"European Central Bank recommendations","0","0"
"European Central Bank opinions","1","0"
"Total","60","61"
"Total","60"
"Statistics for","1994","11"
"","Adopted acts"
"","Basic","Amending"
"Legislative acts - Ordinary legislative procedure"
"Regulations of the European Parliament and of the Council","0","0"
"Directives of the European Parliament and of the Council","0","0"
"Decisions of the European Parliament and of the Council","0","0"
"Total","0","0"
"Total","0"
"Other legislative acts"
"Council regulations","12","8"
"Council directives","4","0"
"Council decisions","20","5"
"Total","36","13"
"Total","36"
"Non-legislative acts"
"Delegated acts"
"Commission delegated regulations","0","0"
"Commission delegated directives","0","0"
"Commission delegated decisions","0","0"
"Total","0","0"
"Total","0"
"Implementing acts"
"Council implementing regulations","0","0"
"Council implementing decisions","0","0"
"Commission implementing regulations","0","0"
"Commission implementing directives","0","0"
"Commission implementing decisions","0","0"
"Total","0","0"
"Total","0"
"Other acts"
"Commission regulations","41","25"
"Commission directives","2","2"
"Commission decisions","36","13"
"European Central Bank regulations","0","0"
"European Central Bank decisions","0","0"
"European Central Bank guidelines****","0","0"
"European Central Bank recommendations","0","0"
"European Central Bank opinions","0","0"
"Total","79","40"
"Total","79"
"Statistics for","1994","12"
"","Adopted acts"
"","Basic","Amending"
"Legislative acts - Ordinary legislative procedure"
"Regulations of the European Parliament and of the Council","0","1"
"Directives of the European Parliament and of the Council","2","3"
"Decisions of the European Parliament and of the Council","1","0"
"Total","3","4"
"Total","3"
"Other legislative acts"
"Council regulations","68","29"
"Council directives","3","9"
"Council decisions","41","2"
"Total","112","40"
"Total","112"
"Non-legislative acts"
"Delegated acts"
"Commission delegated regulations","0","0"
"Commission delegated directives","0","0"
"Commission delegated decisions","0","0"
"Total","0","0"
"Total","0"
"Implementing acts"
"Council implementing regulations","0","0"
"Council implementing decisions","0","0"
"Commission implementing regulations","0","0"
"Commission implementing directives","0","0"
"Commission implementing decisions","0","0"
"Total","0","0"
"Total","0"
"Other acts"
"Commission regulations","97","66"
"Commission directives","5","4"
"Commission decisions","178","31"
"European Central Bank regulations","0","0"
"European Central Bank decisions","0","0"
"European Central Bank guidelines****","0","0"
"European Central Bank recommendations","0","0"
"European Central Bank opinions","0","0"
"Total","280","101"
"Total","280"
"Statistics for","1995","1"
"","Adopted acts"
"","Basic","Amending"
"Legislative acts - Ordinary legislative procedure"
"Regulations of the European Parliament and of the Council","0","0"
"Directives of the European Parliament and of the Council","0","0"
"Decisions of the European Parliament and of the Council","0","0"
"Total","0","0"
"Total","0"
"Other legislative acts"
"Council regulations","4","2"
"Council directives","0","0"
"Council decisions","11","3"
"Total","15","5"
"Total","15"
"Non-legislative acts"
"Delegated acts"
"Commission delegated regulations","0","0"
"Commission delegated directives","0","0"
"Commission delegated decisions","0","0"
"Total","0","0"
"Total","0"
"Implementing acts"
"Council implementing regulations","0","0"
"Council implementing decisions","0","0"
"Commission implementing regulations","0","0"
"Commission implementing directives","0","0"
"Commission implementing decisions","0","0"
"Total","0","0"
"Total","0"
"Other acts"
"Commission regulations","8","8"
"Commission directives","0","0"
"Commission decisions","11","3"
"European Central Bank regulations","0","0"
"European Central Bank decisions","0","0"
"European Central Bank guidelines****","0","0"
"European Central Bank recommendations","0","0"
"European Central Bank opinions","4","0"
"Total","23","11"
"Total","23"
"Statistics for","1995","2"
"","Adopted acts"
"","Basic","Amending"
"Legislative acts - Ordinary legislative procedure"
"Regulations of the European Parliament and of the Council","0","0"
"Directives of the European Parliament and of the Council","2","0"
"Decisions of the European Parliament and of the Council","0","0"
"Total","2","0"
"Total","2"
"Other legislative acts"
"Council regulations","2","11"
"Council directives","0","1"
"Council decisions","5","2"
"Total","7","14"
"Total","7"
"Non-legislative acts"
"Delegated acts"
"Commission delegated regulations","0","0"
"Commission delegated directives","0","0"
"Commission delegated decisions","0","0"
"Total","0","0"
"Total","0"
"Implementing acts"
"Council implementing regulations","0","0"
"Council implementing decisions","0","0"
"Commission implementing regulations","0","0"
"Commission implementing directives","0","0"
"Commission implementing decisions","0","0"
"Total","0","0"
"Total","0"
"Other acts"
"Commission regulations","14","28"
"Commission directives","0","2"
"Commission decisions","23","15"
"European Central Bank regulations","0","0"
"European Central Bank decisions","0","0"
"European Central Bank guidelines****","0","0"
"European Central Bank recommendations","0","0"
"European Central Bank opinions","1","0"
"Total","38","45"
"Total","38"
"Statistics for","1995","3"
"","Adopted acts"
"","Basic","Amending"
"Legislative acts - Ordinary legislative procedure"
"Regulations of the European Parliament and of the Council","0","0"
"Directives of the European Parliament and of the Council","0","0"
"Decisions of the European Parliament and of the Council","2","0"
"Total","2","0"
"Total","2"
"Other legislative acts"
"Council regulations","10","11"
"Council directives","0","0"
"Council decisions","8","2"
"Total","18","13"
"Total","18"
"Non-legislative acts"
"Delegated acts"
"Commission delegated regulations","0","0"
"Commission delegated directives","0","0"
"Commission delegated decisions","0","0"
"Total","0","0"
"Total","0"
"Implementing acts"
"Council implementing regulations","0","0"
"Council implementing decisions","0","0"
"Commission implementing regulations","0","0"
"Commission implementing directives","0","0"
"Commission implementing decisions","0","0"
"Total","0","0"
"Total","0"
"Other acts"
"Commission regulations","27","35"
"Commission directives","0","1"
"Commission decisions","52","21"
"European Central Bank regulations","0","0"
"European Central Bank decisions","0","0"
"European Central Bank guidelines****","0","0"
"European Central Bank recommendations","0","0"
"European Central Bank opinions","4","0"
"Total","83","57"
"Total","83"
"Statistics for","1995","4"
"","Adopted acts"
"","Basic","Amending"
"Legislative acts - Ordinary legislative procedure"
"Regulations of the European Parliament and of the Council","0","0"
"Directives of the European Parliament and of the Council","0","0"
"Decisions of the European Parliament and of the Council","0","0"
"Total","0","0"
"Total","0"
"Other legislative acts"
"Council regulations","9","6"
"Council directives","0","1"
"Council decisions","11","2"
"Total","20","9"
"Total","20"
"Non-legislative acts"
"Delegated acts"
"Commission delegated regulations","0","0"
"Commission delegated directives","0","0"
"Commission delegated decisions","0","0"
"Total","0","0"
"Total","0"
"Implementing acts"
"Council implementing regulations","0","0"
"Council implementing decisions","0","0"
"Commission implementing regulations","0","0"
"Commission implementing directives","0","0"
"Commission implementing decisions","0","0"
"Total","0","0"
"Total","0"
"Other acts"
"Commission regulations","26","36"
"Commission directives","1","2"
"Commission decisions","28","13"
"European Central Bank regulations","0","0"
"European Central Bank decisions","0","0"
"European Central Bank guidelines****","0","0"
"European Central Bank recommendations","0","0"
"European Central Bank opinions","0","0"
"Total","55","51"
"Total","55"
"Statistics for","1995","5"
"","Adopted acts"
"","Basic","Amending"
"Legislative acts - Ordinary legislative procedure"
"Regulations of the European Parliament and of the Council","0","0"
"Directives of the European Parliament and of the Council","0","0"
"Decisions of the European Parliament and of the Council","0","0"
"Total","0","0"
"Total","0"
"Other legislative acts"
"Council regulations","7","16"
"Council directives","1","0"
"Council decisions","2","2"
"Total","10","18"
"Total","10"
"Non-legislative acts"
"Delegated acts"
"Commission delegated regulations","0","0"
"Commission delegated directives","0","0"
"Commission delegated decisions","0","0"
"Total","0","0"
"Total","0"
"Implementing acts"
"Council implementing regulations","0","0"
"Council implementing decisions","0","0"
"Commission implementing regulations","0","0"
"Commission implementing directives","0","0"
"Commission implementing decisions","0","0"
"Total","0","0"
"Total","0"
"Other acts"
"Commission regulations","36","31"
"Commission directives","3","1"
"Commission decisions","21","11"
"European Central Bank regulations","0","0"
"European Central Bank decisions","0","0"
"European Central Bank guidelines****","0","0"
"European Central Bank recommendations","0","0"
"European Central Bank opinions","1","0"
"Total","61","43"
"Total","61"
"Statistics for","1995","6"
"","Adopted acts"
"","Basic","Amending"
"Legislative acts - Ordinary legislative procedure"
"Regulations of the European Parliament and of the Council","0","0"
"Directives of the European Parliament and of the Council","1","2"
"Decisions of the European Parliament and of the Council","1","0"
"Total","2","2"
"Total","2"
"Other legislative acts"
"Council regulations","31","28"
"Council directives","3","5"
"Council decisions","16","2"
"Total","50","35"
"Total","50"
"Non-legislative acts"
"Delegated acts"
"Commission delegated regulations","0","0"
"Commission delegated directives","0","0"
"Commission delegated decisions","0","0"
"Total","0","0"
"Total","0"
"Implementing acts"
"Council implementing regulations","0","0"
"Council implementing decisions","0","0"
"Commission implementing regulations","0","0"
"Commission implementing directives","0","0"
"Commission implementing decisions","0","0"
"Total","0","0"
"Total","0"
"Other acts"
"Commission regulations","65","59"
"Commission directives","1","1"
"Commission decisions","38","19"
"European Central Bank regulations","0","0"
"European Central Bank decisions","0","0"
"European Central Bank guidelines****","0","0"
"European Central Bank recommendations","0","0"
"European Central Bank opinions","1","0"
"Total","105","79"
"Total","105"
"Statistics for","1995","7"
"","Adopted acts"
"","Basic","Amending"
"Legislative acts - Ordinary legislative procedure"
"Regulations of the European Parliament and of the Council","0","0"
"Directives of the European Parliament and of the Council","0","0"
"Decisions of the European Parliament and of the Council","0","0"
"Total","0","0"
"Total","0"
"Other legislative acts"
"Council regulations","6","5"
"Council directives","0","2"
"Council decisions","12","1"
"Total","18","8"
"Total","18"
"Non-legislative acts"
"Delegated acts"
"Commission delegated regulations","0","0"
"Commission delegated directives","0","0"
"Commission delegated decisions","0","0"
"Total","0","0"
"Total","0"
"Implementing acts"
"Council implementing regulations","0","0"
"Council implementing decisions","0","0"
"Commission implementing regulations","0","0"
"Commission implementing directives","0","0"
"Commission implementing decisions","0","0"
"Total","0","0"
"Total","0"
"Other acts"
"Commission regulations","73","54"
"Commission directives","5","8"
"Commission decisions","60","30"
"European Central Bank regulations","0","0"
"European Central Bank decisions","0","0"
"European Central Bank guidelines****","0","0"
"European Central Bank recommendations","0","0"
"European Central Bank opinions","5","0"
"Total","143","92"
"Total","143"
"Statistics for","1995","8"
"","Adopted acts"
"","Basic","Amending"
"Legislative acts - Ordinary legislative procedure"
"Regulations of the European Parliament and of the Council","0","0"
"Directives of the European Parliament and of the Council","0","0"
"Decisions of the European Parliament and of the Council","0","0"
"Total","0","0"
"Total","0"
"Other legislative acts"
"Council regulations","6","0"
"Council directives","0","0"
"Council decisions","1","0"
"Total","7","0"
"Total","7"
"Non-legislative acts"
"Delegated acts"
"Commission delegated regulations","0","0"
"Commission delegated directives","0","0"
"Commission delegated decisions","0","0"
"Total","0","0"
"Total","0"
"Implementing acts"
"Council implementing regulations","0","0"
"Council implementing decisions","0","0"
"Commission implementing regulations","0","0"
"Commission implementing directives","0","0"
"Commission implementing decisions","0","0"
"Total","0","0"
"Total","0"
"Other acts"
"Commission regulations","30","21"
"Commission directives","0","0"
"Commission decisions","10","0"
"European Central Bank regulations","0","0"
"European Central Bank decisions","0","0"
"European Central Bank guidelines****","0","0"
"European Central Bank recommendations","0","0"
"European Central Bank opinions","2","0"
"Total","42","21"
"Total","42"
"Statistics for","1995","9"
"","Adopted acts"
"","Basic","Amending"
"Legislative acts - Ordinary legislative procedure"
"Regulations of the European Parliament and of the Council","0","0"
"Directives of the European Parliament and of the Council","0","0"
"Decisions of the European Parliament and of the Council","0","0"
"Total","0","0"
"Total","0"
"Other legislative acts"
"Council regulations","4","6"
"Council directives","1","0"
"Council decisions","8","0"
"Total","13","6"
"Total","13"
"Non-legislative acts"
"Delegated acts"
"Commission delegated regulations","0","0"
"Commission delegated directives","0","0"
"Commission delegated decisions","0","0"
"Total","0","0"
"Total","0"
"Implementing acts"
"Council implementing regulations","0","0"
"Council implementing decisions","0","0"
"Commission implementing regulations","0","0"
"Commission implementing directives","0","0"
"Commission implementing decisions","0","0"
"Total","0","0"
"Total","0"
"Other acts"
"Commission regulations","25","26"
"Commission directives","1","1"
"Commission decisions","21","8"
"European Central Bank regulations","0","0"
"European Central Bank decisions","0","0"
"European Central Bank guidelines****","0","0"
"European Central Bank recommendations","0","0"
"European Central Bank opinions","0","0"
"Total","47","35"
"Total","47"
"Statistics for","1995","10"
"","Adopted acts"
"","Basic","Amending"
"Legislative acts - Ordinary legislative procedure"
"Regulations of the European Parliament and of the Council","0","0"
"Directives of the European Parliament and of the Council","3","0"
"Decisions of the European Parliament and of the Council","1","0"
"Total","4","0"
"Total","4"
"Other legislative acts"
"Council regulations","14","6"
"Council directives","2","1"
"Council decisions","12","2"
"Total","28","9"
"Total","28"
"Non-legislative acts"
"Delegated acts"
"Commission delegated regulations","0","0"
"Commission delegated directives","0","0"
"Commission delegated decisions","0","0"
"Total","0","0"
"Total","0"
"Implementing acts"
"Council implementing regulations","0","0"
"Council implementing decisions","0","0"
"Commission implementing regulations","0","0"
"Commission implementing directives","0","0"
"Commission implementing decisions","0","0"
"Total","0","0"
"Total","0"
"Other acts"
"Commission regulations","46","44"
"Commission directives","1","2"
"Commission decisions","46","8"
"European Central Bank regulations","0","0"
"European Central Bank decisions","0","0"
"European Central Bank guidelines****","0","0"
"European Central Bank recommendations","0","0"
"European Central Bank opinions","2","0"
"Total","95","54"
"Total","95"
"Statistics for","1995","11"
"","Adopted acts"
"","Basic","Amending"
"Legislative acts - Ordinary legislative procedure"
"Regulations of the European Parliament and of the Council","0","0"
"Directives of the European Parliament and of the Council","0","1"
"Decisions of the European Parliament and of the Council","1","0"
"Total","1","1"
"Total","1"
"Other legislative acts"
"Council regulations","12","6"
"Council directives","4","1"
"Council decisions","11","2"
"Total","27","9"
"Total","27"
"Non-legislative acts"
"Delegated acts"
"Commission delegated regulations","0","0"
"Commission delegated directives","0","0"
"Commission delegated decisions","0","0"
"Total","0","0"
"Total","0"
"Implementing acts"
"Council implementing regulations","0","0"
"Council implementing decisions","0","0"
"Commission implementing regulations","0","0"
"Commission implementing directives","0","0"
"Commission implementing decisions","0","0"
"Total","0","0"
"Total","0"
"Other acts"
"Commission regulations","24","30"
"Commission directives","1","0"
"Commission decisions","43","8"
"European Central Bank regulations","0","0"
"European Central Bank decisions","0","0"
"European Central Bank guidelines****","0","0"
"European Central Bank recommendations","0","0"
"European Central Bank opinions","1","0"
"Total","69","38"
"Total","69"
"Statistics for","1995","12"
"","Adopted acts"
"","Basic","Amending"
"Legislative acts - Ordinary legislative procedure"
"Regulations of the European Parliament and of the Council","0","0"
"Directives of the European Parliament and of the Council","1","0"
"Decisions of the European Parliament and of the Council","1","0"
"Total","2","0"
"Total","2"
"Other legislative acts"
"Council regulations","48","17"
"Council directives","3","3"
"Council decisions","35","3"
"Total","86","23"
"Total","86"
"Non-legislative acts"
"Delegated acts"
"Commission delegated regulations","0","0"
"Commission delegated directives","0","0"
"Commission delegated decisions","0","0"
"Total","0","0"
"Total","0"
"Implementing acts"
"Council implementing regulations","0","0"
"Council implementing decisions","0","0"
"Commission implementing regulations","0","0"
"Commission implementing directives","0","0"
"Commission implementing decisions","0","0"
"Total","0","0"
"Total","0"
"Other acts"
"Commission regulations","54","52"
"Commission directives","1","2"
"Commission decisions","93","15"
"European Central Bank regulations","0","0"
"European Central Bank decisions","0","0"
"European Central Bank guidelines****","0","0"
"European Central Bank recommendations","0","0"
"European Central Bank opinions","2","0"
"Total","150","69"
"Total","150"
"Statistics for","1996","1"
"","Adopted acts"
"","Basic","Amending"
"Legislative acts - Ordinary legislative procedure"
"Regulations of the European Parliament and of the Council","0","0"
"Directives of the European Parliament and of the Council","0","1"
"Decisions of the European Parliament and of the Council","0","0"
"Total","0","1"
"Total","0"
"Other legislative acts"
"Council regulations","12","4"
"Council directives","0","0"
"Council decisions","6","1"
"Total","18","5"
"Total","18"
"Non-legislative acts"
"Delegated acts"
"Commission delegated regulations","0","0"
"Commission delegated directives","0","0"
"Commission delegated decisions","0","0"
"Total","0","0"
"Total","0"
"Implementing acts"
"Council implementing regulations","0","0"
"Council implementing decisions","0","0"
"Commission implementing regulations","0","0"
"Commission implementing directives","0","0"
"Commission implementing decisions","0","0"
"Total","0","0"
"Total","0"
"Other acts"
"Commission regulations","15","16"
"Commission directives","2","0"
"Commission decisions","34","19"
"European Central Bank regulations","0","0"
"European Central Bank decisions","0","0"
"European Central Bank guidelines****","0","0"
"European Central Bank recommendations","0","0"
"European Central Bank opinions","1","0"
"Total","52","35"
"Total","52"
"Statistics for","1996","2"
"","Adopted acts"
"","Basic","Amending"
"Legislative acts - Ordinary legislative procedure"
"Regulations of the European Parliament and of the Council","0","0"
"Directives of the European Parliament and of the Council","0","0"
"Decisions of the European Parliament and of the Council","0","0"
"Total","0","0"
"Total","0"
"Other legislative acts"
"Council regulations","0","2"
"Council directives","0","0"
"Council decisions","7","2"
"Total","7","4"
"Total","7"
"Non-legislative acts"
"Delegated acts"
"Commission delegated regulations","0","0"
"Commission delegated directives","0","0"
"Commission delegated decisions","0","0"
"Total","0","0"
"Total","0"
"Implementing acts"
"Council implementing regulations","0","0"
"Council implementing decisions","0","0"
"Commission implementing regulations","0","0"
"Commission implementing directives","0","0"
"Commission implementing decisions","0","0"
"Total","0","0"
"Total","0"
"Other acts"
"Commission regulations","27","30"
"Commission directives","2","3"
"Commission decisions","41","11"
"European Central Bank regulations","0","0"
"European Central Bank decisions","0","0"
"European Central Bank guidelines****","0","0"
"European Central Bank recommendations","0","0"
"European Central Bank opinions","1","0"
"Total","71","44"
"Total","71"
"Statistics for","1996","3"
"","Adopted acts"
"","Basic","Amending"
"Legislative acts - Ordinary legislative procedure"
"Regulations of the European Parliament and of the Council","0","0"
"Directives of the European Parliament and of the Council","1","1"
"Decisions of the European Parliament and of the Council","4","1"
"Total","5","2"
"Total","5"
"Other legislative acts"
"Council regulations","17","10"
"Council directives","1","3"
"Council decisions","19","1"
"Total","37","14"
"Total","37"
"Non-legislative acts"
"Delegated acts"
"Commission delegated regulations","0","0"
"Commission delegated directives","0","0"
"Commission delegated decisions","0","0"
"Total","0","0"
"Total","0"
"Implementing acts"
"Council implementing regulations","0","0"
"Council implementing decisions","0","0"
"Commission implementing regulations","0","0"
"Commission implementing directives","0","0"
"Commission implementing decisions","0","0"
"Total","0","0"
"Total","0"
"Other acts"
"Commission regulations","23","32"
"Commission directives","2","5"
"Commission decisions","36","15"
"European Central Bank regulations","0","0"
"European Central Bank decisions","0","0"
"European Central Bank guidelines****","0","0"
"European Central Bank recommendations","0","0"
"European Central Bank opinions","0","0"
"Total","61","52"
"Total","61"
"Statistics for","1996","4"
"","Adopted acts"
"","Basic","Amending"
"Legislative acts - Ordinary legislative procedure"
"Regulations of the European Parliament and of the Council","0","0"
"Directives of the European Parliament and of the Council","0","0"
"Decisions of the European Parliament and of the Council","0","0"
"Total","0","0"
"Total","0"
"Other legislative acts"
"Council regulations","6","6"
"Council directives","4","1"
"Council decisions","7","0"
"Total","17","7"
"Total","17"
"Non-legislative acts"
"Delegated acts"
"Commission delegated regulations","0","0"
"Commission delegated directives","0","0"
"Commission delegated decisions","0","0"
"Total","0","0"
"Total","0"
"Implementing acts"
"Council implementing regulations","0","0"
"Council implementing decisions","0","0"
"Commission implementing regulations","0","0"
"Commission implementing directives","0","0"
"Commission implementing decisions","0","0"
"Total","0","0"
"Total","0"
"Other acts"
"Commission regulations","34","27"
"Commission directives","0","0"
"Commission decisions","40","12"
"European Central Bank regulations","0","0"
"European Central Bank decisions","0","0"
"European Central Bank guidelines****","0","0"
"European Central Bank recommendations","0","0"
"European Central Bank opinions","1","0"
"Total","75","39"
"Total","75"
"Statistics for","1996","5"
"","Adopted acts"
"","Basic","Amending"
"Legislative acts - Ordinary legislative procedure"
"Regulations of the European Parliament and of the Council","0","0"
"Directives of the European Parliament and of the Council","1","0"
"Decisions of the European Parliament and of the Council","0","0"
"Total","1","0"
"Total","1"
"Other legislative acts"
"Council regulations","3","3"
"Council directives","1","3"
"Council decisions","12","1"
"Total","16","7"
"Total","16"
"Non-legislative acts"
"Delegated acts"
"Commission delegated regulations","0","0"
"Commission delegated directives","0","0"
"Commission delegated decisions","0","0"
"Total","0","0"
"Total","0"
"Implementing acts"
"Council implementing regulations","0","0"
"Council implementing decisions","0","0"
"Commission implementing regulations","0","0"
"Commission implementing directives","0","0"
"Commission implementing decisions","0","0"
"Total","0","0"
"Total","0"
"Other acts"
"Commission regulations","25","30"
"Commission directives","0","1"
"Commission decisions","35","10"
"European Central Bank regulations","0","0"
"European Central Bank decisions","0","0"
"European Central Bank guidelines****","0","0"
"European Central Bank recommendations","0","0"
"European Central Bank opinions","2","0"
"Total","62","41"
"Total","62"
"Statistics for","1996","6"
"","Adopted acts"
"","Basic","Amending"
"Legislative acts - Ordinary legislative procedure"
"Regulations of the European Parliament and of the Council","0","0"
"Directives of the European Parliament and of the Council","0","0"
"Decisions of the European Parliament and of the Council","1","0"
"Total","1","0"
"Total","1"
"Other legislative acts"
"Council regulations","15","18"
"Council directives","2","2"
"Council decisions","13","4"
"Total","30","24"
"Total","30"
"Non-legislative acts"
"Delegated acts"
"Commission delegated regulations","0","0"
"Commission delegated directives","0","0"
"Commission delegated decisions","0","0"
"Total","0","0"
"Total","0"
"Implementing acts"
"Council implementing regulations","0","0"
"Council implementing decisions","0","0"
"Commission implementing regulations","0","0"
"Commission implementing directives","0","0"
"Commission implementing decisions","0","0"
"Total","0","0"
"Total","0"
"Other acts"
"Commission regulations","42","65"
"Commission directives","4","2"
"Commission decisions","51","11"
"European Central Bank regulations","0","0"
"European Central Bank decisions","0","0"
"European Central Bank guidelines****","0","0"
"European Central Bank recommendations","0","0"
"European Central Bank opinions","0","0"
"Total","97","78"
"Total","97"
"Statistics for","1996","7"
"","Adopted acts"
"","Basic","Amending"
"Legislative acts - Ordinary legislative procedure"
"Regulations of the European Parliament and of the Council","1","0"
"Directives of the European Parliament and of the Council","0","0"
"Decisions of the European Parliament and of the Council","1","0"
"Total","2","0"
"Total","2"
"Other legislative acts"
"Council regulations","26","19"
"Council directives","4","3"
"Council decisions","11","0"
"Total","41","22"
"Total","41"
"Non-legislative acts"
"Delegated acts"
"Commission delegated regulations","0","0"
"Commission delegated directives","0","0"
"Commission delegated decisions","0","0"
"Total","0","0"
"Total","0"
"Implementing acts"
"Council implementing regulations","0","0"
"Council implementing decisions","0","0"
"Commission implementing regulations","0","0"
"Commission implementing directives","0","0"
"Commission implementing decisions","0","0"
"Total","0","0"
"Total","0"
"Other acts"
"Commission regulations","74","57"
"Commission directives","2","2"
"Commission decisions","70","12"
"European Central Bank regulations","0","0"
"European Central Bank decisions","0","0"
"European Central Bank guidelines****","0","0"
"European Central Bank recommendations","0","0"
"European Central Bank opinions","1","0"
"Total","147","71"
"Total","147"
"Statistics for","1996","8"
"","Adopted acts"
"","Basic","Amending"
"Legislative acts - Ordinary legislative procedure"
"Regulations of the European Parliament and of the Council","0","0"
"Directives of the European Parliament and of the Council","0","0"
"Decisions of the European Parliament and of the Council","0","0"
"Total","0","0"
"Total","0"
"Other legislative acts"
"Council regulations","0","0"
"Council directives","0","0"
"Council decisions","1","0"
"Total","1","0"
"Total","1"
"Non-legislative acts"
"Delegated acts"
"Commission delegated regulations","0","0"
"Commission delegated directives","0","0"
"Commission delegated decisions","0","0"
"Total","0","0"
"Total","0"
"Implementing acts"
"Council implementing regulations","0","0"
"Council implementing decisions","0","0"
"Commission implementing regulations","0","0"
"Commission implementing directives","0","0"
"Commission implementing decisions","0","0"
"Total","0","0"
"Total","0"
"Other acts"
"Commission regulations","12","4"
"Commission directives","0","0"
"Commission decisions","20","0"
"European Central Bank regulations","0","0"
"European Central Bank decisions","0","0"
"European Central Bank guidelines****","0","0"
"European Central Bank recommendations","0","0"
"European Central Bank opinions","1","0"
"Total","33","4"
"Total","33"
"Statistics for","1996","9"
"","Adopted acts"
"","Basic","Amending"
"Legislative acts - Ordinary legislative procedure"
"Regulations of the European Parliament and of the Council","0","0"
"Directives of the European Parliament and of the Council","1","2"
"Decisions of the European Parliament and of the Council","0","0"
"Total","1","2"
"Total","1"
"Other legislative acts"
"Council regulations","6","5"
"Council directives","3","0"
"Council decisions","11","0"
"Total","20","5"
"Total","20"
"Non-legislative acts"
"Delegated acts"
"Commission delegated regulations","0","0"
"Commission delegated directives","0","0"
"Commission delegated decisions","0","0"
"Total","0","0"
"Total","0"
"Implementing acts"
"Council implementing regulations","0","0"
"Council implementing decisions","0","0"
"Commission implementing regulations","0","0"
"Commission implementing directives","0","0"
"Commission implementing decisions","0","0"
"Total","0","0"
"Total","0"
"Other acts"
"Commission regulations","25","20"
"Commission directives","1","2"
"Commission decisions","21","9"
"European Central Bank regulations","0","0"
"European Central Bank decisions","0","0"
"European Central Bank guidelines****","0","0"
"European Central Bank recommendations","0","0"
"European Central Bank opinions","3","0"
"Total","50","31"
"Total","50"
"Statistics for","1996","10"
"","Adopted acts"
"","Basic","Amending"
"Legislative acts - Ordinary legislative procedure"
"Regulations of the European Parliament and of the Council","1","1"
"Directives of the European Parliament and of the Council","1","1"
"Decisions of the European Parliament and of the Council","0","0"
"Total","2","2"
"Total","2"
"Other legislative acts"
"Council regulations","7","10"
"Council directives","1","0"
"Council decisions","12","2"
"Total","20","12"
"Total","20"
"Non-legislative acts"
"Delegated acts"
"Commission delegated regulations","0","0"
"Commission delegated directives","0","0"
"Commission delegated decisions","0","0"
"Total","0","0"
"Total","0"
"Implementing acts"
"Council implementing regulations","0","0"
"Council implementing decisions","0","0"
"Commission implementing regulations","0","0"
"Commission implementing directives","0","0"
"Commission implementing decisions","0","0"
"Total","0","0"
"Total","0"
"Other acts"
"Commission regulations","32","28"
"Commission directives","1","3"
"Commission decisions","28","12"
"European Central Bank regulations","0","0"
"European Central Bank decisions","0","0"
"European Central Bank guidelines****","0","0"
"European Central Bank recommendations","0","0"
"European Central Bank opinions","1","0"
"Total","62","43"
"Total","62"
"Statistics for","1996","11"
"","Adopted acts"
"","Basic","Amending"
"Legislative acts - Ordinary legislative procedure"
"Regulations of the European Parliament and of the Council","0","0"
"Directives of the European Parliament and of the Council","0","0"
"Decisions of the European Parliament and of the Council","0","0"
"Total","0","0"
"Total","0"
"Other legislative acts"
"Council regulations","13","4"
"Council directives","1","1"
"Council decisions","9","2"
"Total","23","7"
"Total","23"
"Non-legislative acts"
"Delegated acts"
"Commission delegated regulations","0","0"
"Commission delegated directives","0","0"
"Commission delegated decisions","0","0"
"Total","0","0"
"Total","0"
"Implementing acts"
"Council implementing regulations","0","0"
"Council implementing decisions","0","0"
"Commission implementing regulations","0","0"
"Commission implementing directives","0","0"
"Commission implementing decisions","0","0"
"Total","0","0"
"Total","0"
"Other acts"
"Commission regulations","29","30"
"Commission directives","0","1"
"Commission decisions","74","21"
"European Central Bank regulations","0","0"
"European Central Bank decisions","0","0"
"European Central Bank guidelines****","0","0"
"European Central Bank recommendations","0","0"
"European Central Bank opinions","5","0"
"Total","108","52"
"Total","108"
"Statistics for","1996","12"
"","Adopted acts"
"","Basic","Amending"
"Legislative acts - Ordinary legislative procedure"
"Regulations of the European Parliament and of the Council","0","1"
"Directives of the European Parliament and of the Council","5","3"
"Decisions of the European Parliament and of the Council","3","0"
"Total","8","4"
"Total","8"
"Other legislative acts"
"Council regulations","38","20"
"Council directives","4","5"
"Council decisions","19","3"
"Total","61","28"
"Total","61"
"Non-legislative acts"
"Delegated acts"
"Commission delegated regulations","0","0"
"Commission delegated directives","0","0"
"Commission delegated decisions","0","0"
"Total","0","0"
"Total","0"
"Implementing acts"
"Council implementing regulations","0","0"
"Council implementing decisions","0","0"
"Commission implementing regulations","0","0"
"Commission implementing directives","0","0"
"Commission implementing decisions","0","0"
"Total","0","0"
"Total","0"
"Other acts"
"Commission regulations","35","43"
"Commission directives","2","4"
"Commission decisions","47","14"
"European Central Bank regulations","0","0"
"European Central Bank decisions","0","0"
"European Central Bank guidelines****","0","0"
"European Central Bank recommendations","0","0"
"European Central Bank opinions","0","0"
"Total","84","61"
"Total","84"
"Statistics for","1997","1"
"","Adopted acts"
"","Basic","Amending"
"Legislative acts - Ordinary legislative procedure"
"Regulations of the European Parliament and of the Council","1","0"
"Directives of the European Parliament and of the Council","1","1"
"Decisions of the European Parliament and of the Council","0","0"
"Total","2","1"
"Total","2"
"Other legislative acts"
"Council regulations","2","4"
"Council directives","0","2"
"Council decisions","13","1"
"Total","15","7"
"Total","15"
"Non-legislative acts"
"Delegated acts"
"Commission delegated regulations","0","0"
"Commission delegated directives","0","0"
"Commission delegated decisions","0","0"
"Total","0","0"
"Total","0"
"Implementing acts"
"Council implementing regulations","0","0"
"Council implementing decisions","0","0"
"Commission implementing regulations","0","0"
"Commission implementing directives","0","0"
"Commission implementing decisions","0","0"
"Total","0","0"
"Total","0"
"Other acts"
"Commission regulations","24","25"
"Commission directives","0","2"
"Commission decisions","22","9"
"European Central Bank regulations","0","0"
"European Central Bank decisions","0","0"
"European Central Bank guidelines****","0","0"
"European Central Bank recommendations","0","0"
"European Central Bank opinions","1","0"
"Total","47","36"
"Total","47"
"Statistics for","1997","2"
"","Adopted acts"
"","Basic","Amending"
"Legislative acts - Ordinary legislative procedure"
"Regulations of the European Parliament and of the Council","0","0"
"Directives of the European Parliament and of the Council","0","1"
"Decisions of the European Parliament and of the Council","0","0"
"Total","0","1"
"Total","0"
"Other legislative acts"
"Council regulations","8","5"
"Council directives","0","0"
"Council decisions","7","1"
"Total","15","6"
"Total","15"
"Non-legislative acts"
"Delegated acts"
"Commission delegated regulations","0","0"
"Commission delegated directives","0","0"
"Commission delegated decisions","0","0"
"Total","0","0"
"Total","0"
"Implementing acts"
"Council implementing regulations","0","0"
"Council implementing decisions","0","0"
"Commission implementing regulations","0","0"
"Commission implementing directives","0","0"
"Commission implementing decisions","0","0"
"Total","0","0"
"Total","0"
"Other acts"
"Commission regulations","16","22"
"Commission directives","0","2"
"Commission decisions","57","8"
"European Central Bank regulations","0","0"
"European Central Bank decisions","0","0"
"European Central Bank guidelines****","0","0"
"European Central Bank recommendations","0","0"
"European Central Bank opinions","2","0"
"Total","75","32"
"Total","75"
"Statistics for","1997","3"
"","Adopted acts"
"","Basic","Amending"
"Legislative acts - Ordinary legislative procedure"
"Regulations of the European Parliament and of the Council","0","0"
"Directives of the European Parliament and of the Council","1","0"
"Decisions of the European Parliament and of the Council","1","0"
"Total","2","0"
"Total","2"
"Other legislative acts"
"Council regulations","7","10"
"Council directives","1","1"
"Council decisions","24","2"
"Total","32","13"
"Total","32"
"Non-legislative acts"
"Delegated acts"
"Commission delegated regulations","0","0"
"Commission delegated directives","0","0"
"Commission delegated decisions","0","0"
"Total","0","0"
"Total","0"
"Implementing acts"
"Council implementing regulations","0","0"
"Council implementing decisions","0","0"
"Commission implementing regulations","0","0"
"Commission implementing directives","0","0"
"Commission implementing decisions","0","0"
"Total","0","0"
"Total","0"
"Other acts"
"Commission regulations","25","20"
"Commission directives","1","1"
"Commission decisions","27","10"
"European Central Bank regulations","0","0"
"European Central Bank decisions","0","0"
"European Central Bank guidelines****","0","0"
"European Central Bank recommendations","0","0"
"European Central Bank opinions","1","0"
"Total","54","31"
"Total","54"
"Statistics for","1997","4"
"","Adopted acts"
"","Basic","Amending"
"Legislative acts - Ordinary legislative procedure"
"Regulations of the European Parliament and of the Council","0","0"
"Directives of the European Parliament and of the Council","1","1"
"Decisions of the European Parliament and of the Council","0","0"
"Total","1","1"
"Total","1"
"Other legislative acts"
"Council regulations","11","6"
"Council directives","0","1"
"Council decisions","12","5"
"Total","23","12"
"Total","23"
"Non-legislative acts"
"Delegated acts"
"Commission delegated regulations","0","0"
"Commission delegated directives","0","0"
"Commission delegated decisions","0","0"
"Total","0","0"
"Total","0"
"Implementing acts"
"Council implementing regulations","0","0"
"Council implementing decisions","0","0"
"Commission implementing regulations","0","0"
"Commission implementing directives","0","0"
"Commission implementing decisions","0","0"
"Total","0","0"
"Total","0"
"Other acts"
"Commission regulations","23","36"
"Commission directives","5","0"
"Commission decisions","61","14"
"European Central Bank regulations","0","0"
"European Central Bank decisions","0","0"
"European Central Bank guidelines****","0","0"
"European Central Bank recommendations","0","0"
"European Central Bank opinions","1","0"
"Total","90","50"
"Total","90"
"Statistics for","1997","5"
"","Adopted acts"
"","Basic","Amending"
"Legislative acts - Ordinary legislative procedure"
"Regulations of the European Parliament and of the Council","0","0"
"Directives of the European Parliament and of the Council","2","0"
"Decisions of the European Parliament and of the Council","0","1"
"Total","2","1"
"Total","2"
"Other legislative acts"
"Council regulations","8","5"
"Council directives","0","0"
"Council decisions","9","0"
"Total","17","5"
"Total","17"
"Non-legislative acts"
"Delegated acts"
"Commission delegated regulations","0","0"
"Commission delegated directives","0","0"
"Commission delegated decisions","0","0"
"Total","0","0"
"Total","0"
"Implementing acts"
"Council implementing regulations","0","0"
"Council implementing decisions","0","0"
"Commission implementing regulations","0","0"
"Commission implementing directives","0","0"
"Commission implementing decisions","0","0"
"Total","0","0"
"Total","0"
"Other acts"
"Commission regulations","21","26"
"Commission directives","0","0"
"Commission decisions","47","9"
"European Central Bank regulations","0","0"
"European Central Bank decisions","0","0"
"European Central Bank guidelines****","0","0"
"European Central Bank recommendations","0","0"
"European Central Bank opinions","2","0"
"Total","70","35"
"Total","70"
"Statistics for","1997","6"
"","Adopted acts"
"","Basic","Amending"
"Legislative acts - Ordinary legislative procedure"
"Regulations of the European Parliament and of the Council","0","0"
"Directives of the European Parliament and of the Council","2","1"
"Decisions of the European Parliament and of the Council","2","0"
"Total","4","1"
"Total","4"
"Other legislative acts"
"Council regulations","15","13"
"Council directives","1","4"
"Council decisions","20","2"
"Total","36","19"
"Total","36"
"Non-legislative acts"
"Delegated acts"
"Commission delegated regulations","0","0"
"Commission delegated directives","0","0"
"Commission delegated decisions","0","0"
"Total","0","0"
"Total","0"
"Implementing acts"
"Council implementing regulations","0","0"
"Council implementing decisions","0","0"
"Commission implementing regulations","0","0"
"Commission implementing directives","0","0"
"Commission implementing decisions","0","0"
"Total","0","0"
"Total","0"
"Other acts"
"Commission regulations","38","71"
"Commission directives","6","4"
"Commission decisions","74","10"
"European Central Bank regulations","0","0"
"European Central Bank decisions","1","0"
"European Central Bank guidelines****","0","0"
"European Central Bank recommendations","0","0"
"European Central Bank opinions","3","0"
"Total","122","85"
"Total","122"
"Statistics for","1997","7"
"","Adopted acts"
"","Basic","Amending"
"Legislative acts - Ordinary legislative procedure"
"Regulations of the European Parliament and of the Council","0","0"
"Directives of the European Parliament and of the Council","1","0"
"Decisions of the European Parliament and of the Council","0","0"
"Total","1","0"
"Total","1"
"Other legislative acts"
"Council regulations","18","7"
"Council directives","0","0"
"Council decisions","17","2"
"Total","35","9"
"Total","35"
"Non-legislative acts"
"Delegated acts"
"Commission delegated regulations","0","0"
"Commission delegated directives","0","0"
"Commission delegated decisions","0","0"
"Total","0","0"
"Total","0"
"Implementing acts"
"Council implementing regulations","0","0"
"Council implementing decisions","0","0"
"Commission implementing regulations","0","0"
"Commission implementing directives","0","0"
"Commission implementing decisions","0","0"
"Total","0","0"
"Total","0"
"Other acts"
"Commission regulations","49","81"
"Commission directives","0","5"
"Commission decisions","94","37"
"European Central Bank regulations","0","0"
"European Central Bank decisions","0","0"
"European Central Bank guidelines****","0","0"
"European Central Bank recommendations","0","0"
"European Central Bank opinions","3","0"
"Total","146","123"
"Total","146"
"Statistics for","1997","8"
"","Adopted acts"
"","Basic","Amending"
"Legislative acts - Ordinary legislative procedure"
"Regulations of the European Parliament and of the Council","0","0"
"Directives of the European Parliament and of the Council","0","0"
"Decisions of the European Parliament and of the Council","0","0"
"Total","0","0"
"Total","0"
"Other legislative acts"
"Council regulations","3","0"
"Council directives","0","0"
"Council decisions","0","0"
"Total","3","0"
"Total","3"
"Non-legislative acts"
"Delegated acts"
"Commission delegated regulations","0","0"
"Commission delegated directives","0","0"
"Commission delegated decisions","0","0"
"Total","0","0"
"Total","0"
"Implementing acts"
"Council implementing regulations","0","0"
"Council implementing decisions","0","0"
"Commission implementing regulations","0","0"
"Commission implementing directives","0","0"
"Commission implementing decisions","0","0"
"Total","0","0"
"Total","0"
"Other acts"
"Commission regulations","10","11"
"Commission directives","0","0"
"Commission decisions","21","4"
"European Central Bank regulations","0","0"
"European Central Bank decisions","0","0"
"European Central Bank guidelines****","0","0"
"European Central Bank recommendations","0","0"
"European Central Bank opinions","3","0"
"Total","34","15"
"Total","34"
"Statistics for","1997","9"
"","Adopted acts"
"","Basic","Amending"
"Legislative acts - Ordinary legislative procedure"
"Regulations of the European Parliament and of the Council","0","0"
"Directives of the European Parliament and of the Council","0","1"
"Decisions of the European Parliament and of the Council","0","0"
"Total","0","1"
"Total","0"
"Other legislative acts"
"Council regulations","5","6"
"Council directives","0","1"
"Council decisions","7","1"
"Total","12","8"
"Total","12"
"Non-legislative acts"
"Delegated acts"
"Commission delegated regulations","0","0"
"Commission delegated directives","0","0"
"Commission delegated decisions","0","0"
"Total","0","0"
"Total","0"
"Implementing acts"
"Council implementing regulations","0","0"
"Council implementing decisions","0","0"
"Commission implementing regulations","0","0"
"Commission implementing directives","0","0"
"Commission implementing decisions","0","0"
"Total","0","0"
"Total","0"
"Other acts"
"Commission regulations","26","31"
"Commission directives","0","2"
"Commission decisions","27","5"
"European Central Bank regulations","0","0"
"European Central Bank decisions","0","0"
"European Central Bank guidelines****","0","0"
"European Central Bank recommendations","0","0"
"European Central Bank opinions","2","0"
"Total","55","38"
"Total","55"
"Statistics for","1997","10"
"","Adopted acts"
"","Basic","Amending"
"Legislative acts - Ordinary legislative procedure"
"Regulations of the European Parliament and of the Council","0","0"
"Directives of the European Parliament and of the Council","0","6"
"Decisions of the European Parliament and of the Council","2","0"
"Total","2","6"
"Total","2"
"Other legislative acts"
"Council regulations","17","10"
"Council directives","0","2"
"Council decisions","13","1"
"Total","30","13"
"Total","30"
"Non-legislative acts"
"Delegated acts"
"Commission delegated regulations","0","0"
"Commission delegated directives","0","0"
"Commission delegated decisions","0","0"
"Total","0","0"
"Total","0"
"Implementing acts"
"Council implementing regulations","0","0"
"Council implementing decisions","0","0"
"Commission implementing regulations","0","0"
"Commission implementing directives","0","0"
"Commission implementing decisions","0","0"
"Total","0","0"
"Total","0"
"Other acts"
"Commission regulations","33","33"
"Commission directives","0","1"
"Commission decisions","51","9"
"European Central Bank regulations","0","0"
"European Central Bank decisions","0","0"
"European Central Bank guidelines****","0","0"
"European Central Bank recommendations","0","0"
"European Central Bank opinions","5","0"
"Total","89","43"
"Total","89"
"Statistics for","1997","11"
"","Adopted acts"
"","Basic","Amending"
"Legislative acts - Ordinary legislative procedure"
"Regulations of the European Parliament and of the Council","0","0"
"Directives of the European Parliament and of the Council","0","1"
"Decisions of the European Parliament and of the Council","0","0"
"Total","0","1"
"Total","0"
"Other legislative acts"
"Council regulations","5","7"
"Council directives","0","0"
"Council decisions","19","3"
"Total","24","10"
"Total","24"
"Non-legislative acts"
"Delegated acts"
"Commission delegated regulations","0","0"
"Commission delegated directives","0","0"
"Commission delegated decisions","0","0"
"Total","0","0"
"Total","0"
"Implementing acts"
"Council implementing regulations","0","0"
"Council implementing decisions","0","0"
"Commission implementing regulations","0","0"
"Commission implementing directives","0","0"
"Commission implementing decisions","0","0"
"Total","0","0"
"Total","0"
"Other acts"
"Commission regulations","26","21"
"Commission directives","0","2"
"Commission decisions","69","8"
"European Central Bank regulations","0","0"
"European Central Bank decisions","0","0"
"European Central Bank guidelines****","0","0"
"European Central Bank recommendations","0","0"
"European Central Bank opinions","3","0"
"Total","98","31"
"Total","98"
"Statistics for","1997","12"
"","Adopted acts"
"","Basic","Amending"
"Legislative acts - Ordinary legislative procedure"
"Regulations of the European Parliament and of the Council","0","0"
"Directives of the European Parliament and of the Council","3","0"
"Decisions of the European Parliament and of the Council","0","1"
"Total","3","1"
"Total","3"
"Other legislative acts"
"Council regulations","47","18"
"Council directives","5","3"
"Council decisions","13","4"
"Total","65","25"
"Total","65"
"Non-legislative acts"
"Delegated acts"
"Commission delegated regulations","0","0"
"Commission delegated directives","0","0"
"Commission delegated decisions","0","0"
"Total","0","0"
"Total","0"
"Implementing acts"
"Council implementing regulations","0","0"
"Council implementing decisions","0","0"
"Commission implementing regulations","0","0"
"Commission implementing directives","0","0"
"Commission implementing decisions","0","0"
"Total","0","0"
"Total","0"
"Other acts"
"Commission regulations","47","47"
"Commission directives","0","4"
"Commission decisions","72","32"
"European Central Bank regulations","0","0"
"European Central Bank decisions","0","0"
"European Central Bank guidelines****","0","0"
"European Central Bank recommendations","0","0"
"European Central Bank opinions","3","0"
"Total","122","83"
"Total","122"
"Statistics for","1998","1"
"","Adopted acts"
"","Basic","Amending"
"Legislative acts - Ordinary legislative procedure"
"Regulations of the European Parliament and of the Council","0","0"
"Directives of the European Parliament and of the Council","0","0"
"Decisions of the European Parliament and of the Council","0","0"
"Total","0","0"
"Total","0"
"Other legislative acts"
"Council regulations","3","5"
"Council directives","1","0"
"Council decisions","3","4"
"Total","7","9"
"Total","7"
"Non-legislative acts"
"Delegated acts"
"Commission delegated regulations","0","0"
"Commission delegated directives","0","0"
"Commission delegated decisions","0","0"
"Total","0","0"
"Total","0"
"Implementing acts"
"Council implementing regulations","0","0"
"Council implementing decisions","0","0"
"Commission implementing regulations","0","0"
"Commission implementing directives","0","0"
"Commission implementing decisions","0","0"
"Total","0","0"
"Total","0"
"Other acts"
"Commission regulations","25","26"
"Commission directives","2","3"
"Commission decisions","46","10"
"European Central Bank regulations","0","0"
"European Central Bank decisions","0","0"
"European Central Bank guidelines****","0","0"
"European Central Bank recommendations","0","0"
"European Central Bank opinions","1","0"
"Total","74","39"
"Total","74"
"Statistics for","1998","2"
"","Adopted acts"
"","Basic","Amending"
"Legislative acts - Ordinary legislative procedure"
"Regulations of the European Parliament and of the Council","0","0"
"Directives of the European Parliament and of the Council","5","2"
"Decisions of the European Parliament and of the Council","0","1"
"Total","5","3"
"Total","5"
"Other legislative acts"
"Council regulations","9","4"
"Council directives","0","0"
"Council decisions","18","1"
"Total","27","5"
"Total","27"
"Non-legislative acts"
"Delegated acts"
"Commission delegated regulations","0","0"
"Commission delegated directives","0","0"
"Commission delegated decisions","0","0"
"Total","0","0"
"Total","0"
"Implementing acts"
"Council implementing regulations","0","0"
"Council implementing decisions","0","0"
"Commission implementing regulations","0","0"
"Commission implementing directives","0","0"
"Commission implementing decisions","0","0"
"Total","0","0"
"Total","0"
"Other acts"
"Commission regulations","20","27"
"Commission directives","1","1"
"Commission decisions","38","19"
"European Central Bank regulations","0","0"
"European Central Bank decisions","0","0"
"European Central Bank guidelines****","0","0"
"European Central Bank recommendations","0","0"
"European Central Bank opinions","9","0"
"Total","68","47"
"Total","68"
"Statistics for","1998","3"
"","Adopted acts"
"","Basic","Amending"
"Legislative acts - Ordinary legislative procedure"
"Regulations of the European Parliament and of the Council","0","0"
"Directives of the European Parliament and of the Council","0","0"
"Decisions of the European Parliament and of the Council","1","0"
"Total","1","0"
"Total","1"
"Other legislative acts"
"Council regulations","14","4"
"Council directives","1","1"
"Council decisions","25","3"
"Total","40","8"
"Total","40"
"Non-legislative acts"
"Delegated acts"
"Commission delegated regulations","0","0"
"Commission delegated directives","0","0"
"Commission delegated decisions","0","0"
"Total","0","0"
"Total","0"
"Implementing acts"
"Council implementing regulations","0","0"
"Council implementing decisions","0","0"
"Commission implementing regulations","0","0"
"Commission implementing directives","0","0"
"Commission implementing decisions","0","0"
"Total","0","0"
"Total","0"
"Other acts"
"Commission regulations","19","35"
"Commission directives","0","3"
"Commission decisions","41","5"
"European Central Bank regulations","0","0"
"European Central Bank decisions","0","0"
"European Central Bank guidelines****","0","0"
"European Central Bank recommendations","0","0"
"European Central Bank opinions","3","0"
"Total","63","43"
"Total","63"
"Statistics for","1998","4"
"","Adopted acts"
"","Basic","Amending"
"Legislative acts - Ordinary legislative procedure"
"Regulations of the European Parliament and of the Council","0","0"
"Directives of the European Parliament and of the Council","0","0"
"Decisions of the European Parliament and of the Council","0","1"
"Total","0","1"
"Total","0"
"Other legislative acts"
"Council regulations","6","9"
"Council directives","1","2"
"Council decisions","7","4"
"Total","14","15"
"Total","14"
"Non-legislative acts"
"Delegated acts"
"Commission delegated regulations","0","0"
"Commission delegated directives","0","0"
"Commission delegated decisions","0","0"
"Total","0","0"
"Total","0"
"Implementing acts"
"Council implementing regulations","0","0"
"Council implementing decisions","0","0"
"Commission implementing regulations","0","0"
"Commission implementing directives","0","0"
"Commission implementing decisions","0","0"
"Total","0","0"
"Total","0"
"Other acts"
"Commission regulations","18","33"
"Commission directives","2","1"
"Commission decisions","33","7"
"European Central Bank regulations","0","0"
"European Central Bank decisions","0","0"
"European Central Bank guidelines****","0","0"
"European Central Bank recommendations","0","0"
"European Central Bank opinions","8","0"
"Total","61","41"
"Total","61"
"Statistics for","1998","5"
"","Adopted acts"
"","Basic","Amending"
"Legislative acts - Ordinary legislative procedure"
"Regulations of the European Parliament and of the Council","0","0"
"Directives of the European Parliament and of the Council","2","0"
"Decisions of the European Parliament and of the Council","0","0"
"Total","2","0"
"Total","2"
"Other legislative acts"
"Council regulations","9","5"
"Council directives","1","1"
"Council decisions","19","1"
"Total","29","7"
"Total","29"
"Non-legislative acts"
"Delegated acts"
"Commission delegated regulations","0","0"
"Commission delegated directives","0","0"
"Commission delegated decisions","0","0"
"Total","0","0"
"Total","0"
"Implementing acts"
"Council implementing regulations","0","0"
"Council implementing decisions","0","0"
"Commission implementing regulations","0","0"
"Commission implementing directives","0","0"
"Commission implementing decisions","0","0"
"Total","0","0"
"Total","0"
"Other acts"
"Commission regulations","23","35"
"Commission directives","0","0"
"Commission decisions","50","14"
"European Central Bank regulations","0","0"
"European Central Bank decisions","0","0"
"European Central Bank guidelines****","0","0"
"European Central Bank recommendations","0","0"
"European Central Bank opinions","4","0"
"Total","77","49"
"Total","77"
"Statistics for","1998","6"
"","Adopted acts"
"","Basic","Amending"
"Legislative acts - Ordinary legislative procedure"
"Regulations of the European Parliament and of the Council","0","0"
"Directives of the European Parliament and of the Council","3","3"
"Decisions of the European Parliament and of the Council","1","0"
"Total","4","3"
"Total","4"
"Other legislative acts"
"Council regulations","12","15"
"Council directives","2","3"
"Council decisions","22","3"
"Total","36","21"
"Total","36"
"Non-legislative acts"
"Delegated acts"
"Commission delegated regulations","0","0"
"Commission delegated directives","0","0"
"Commission delegated decisions","0","0"
"Total","0","0"
"Total","0"
"Implementing acts"
"Council implementing regulations","0","0"
"Council implementing decisions","0","0"
"Commission implementing regulations","0","0"
"Commission implementing directives","0","0"
"Commission implementing decisions","0","0"
"Total","0","0"
"Total","0"
"Other acts"
"Commission regulations","38","58"
"Commission directives","2","4"
"Commission decisions","73","8"
"European Central Bank regulations","0","0"
"European Central Bank decisions","4","0"
"European Central Bank guidelines****","0","0"
"European Central Bank recommendations","1","0"
"European Central Bank opinions","6","0"
"Total","124","70"
"Total","124"
"Statistics for","1998","7"
"","Adopted acts"
"","Basic","Amending"
"Legislative acts - Ordinary legislative procedure"
"Regulations of the European Parliament and of the Council","0","0"
"Directives of the European Parliament and of the Council","2","1"
"Decisions of the European Parliament and of the Council","1","0"
"Total","3","1"
"Total","3"
"Other legislative acts"
"Council regulations","20","16"
"Council directives","4","2"
"Council decisions","15","2"
"Total","39","20"
"Total","39"
"Non-legislative acts"
"Delegated acts"
"Commission delegated regulations","0","0"
"Commission delegated directives","0","0"
"Commission delegated decisions","0","0"
"Total","0","0"
"Total","0"
"Implementing acts"
"Council implementing regulations","0","0"
"Council implementing decisions","0","0"
"Commission implementing regulations","0","0"
"Commission implementing directives","0","0"
"Commission implementing decisions","0","0"
"Total","0","0"
"Total","0"
"Other acts"
"Commission regulations","43","67"
"Commission directives","2","2"
"Commission decisions","54","20"
"European Central Bank regulations","0","0"
"European Central Bank decisions","1","0"
"European Central Bank guidelines****","0","0"
"European Central Bank recommendations","4","0"
"European Central Bank opinions","6","0"
"Total","110","89"
"Total","110"
"Statistics for","1998","8"
"","Adopted acts"
"","Basic","Amending"
"Legislative acts - Ordinary legislative procedure"
"Regulations of the European Parliament and of the Council","0","0"
"Directives of the European Parliament and of the Council","0","0"
"Decisions of the European Parliament and of the Council","0","0"
"Total","0","0"
"Total","0"
"Other legislative acts"
"Council regulations","2","0"
"Council directives","1","0"
"Council decisions","0","1"
"Total","3","1"
"Total","3"
"Non-legislative acts"
"Delegated acts"
"Commission delegated regulations","0","0"
"Commission delegated directives","0","0"
"Commission delegated decisions","0","0"
"Total","0","0"
"Total","0"
"Implementing acts"
"Council implementing regulations","0","0"
"Council implementing decisions","0","0"
"Commission implementing regulations","0","0"
"Commission implementing directives","0","0"
"Commission implementing decisions","0","0"
"Total","0","0"
"Total","0"
"Other acts"
"Commission regulations","18","7"
"Commission directives","0","0"
"Commission decisions","27","3"
"European Central Bank regulations","0","0"
"European Central Bank decisions","0","0"
"European Central Bank guidelines****","1","0"
"European Central Bank recommendations","0","0"
"European Central Bank opinions","2","0"
"Total","48","10"
"Total","48"
"Statistics for","1998","9"
"","Adopted acts"
"","Basic","Amending"
"Legislative acts - Ordinary legislative procedure"
"Regulations of the European Parliament and of the Council","0","0"
"Directives of the European Parliament and of the Council","0","1"
"Decisions of the European Parliament and of the Council","2","0"
"Total","2","1"
"Total","2"
"Other legislative acts"
"Council regulations","6","5"
"Council directives","0","0"
"Council decisions","12","0"
"Total","18","5"
"Total","18"
"Non-legislative acts"
"Delegated acts"
"Commission delegated regulations","0","0"
"Commission delegated directives","0","0"
"Commission delegated decisions","0","0"
"Total","0","0"
"Total","0"
"Implementing acts"
"Council implementing regulations","0","0"
"Council implementing decisions","0","0"
"Commission implementing regulations","0","0"
"Commission implementing directives","0","0"
"Commission implementing decisions","0","0"
"Total","0","0"
"Total","0"
"Other acts"
"Commission regulations","21","30"
"Commission directives","2","6"
"Commission decisions","39","4"
"European Central Bank regulations","0","0"
"European Central Bank decisions","0","0"
"European Central Bank guidelines****","0","0"
"European Central Bank recommendations","0","0"
"European Central Bank opinions","5","0"
"Total","67","40"
"Total","67"
"Statistics for","1998","10"
"","Adopted acts"
"","Basic","Amending"
"Legislative acts - Ordinary legislative procedure"
"Regulations of the European Parliament and of the Council","0","0"
"Directives of the European Parliament and of the Council","5","1"
"Decisions of the European Parliament and of the Council","0","0"
"Total","5","1"
"Total","5"
"Other legislative acts"
"Council regulations","4","3"
"Council directives","0","3"
"Council decisions","18","6"
"Total","22","12"
"Total","22"
"Non-legislative acts"
"Delegated acts"
"Commission delegated regulations","0","0"
"Commission delegated directives","0","0"
"Commission delegated decisions","0","0"
"Total","0","0"
"Total","0"
"Implementing acts"
"Council implementing regulations","0","0"
"Council implementing decisions","0","0"
"Commission implementing regulations","0","0"
"Commission implementing directives","0","0"
"Commission implementing decisions","0","0"
"Total","0","0"
"Total","0"
"Other acts"
"Commission regulations","31","46"
"Commission directives","2","2"
"Commission decisions","53","16"
"European Central Bank regulations","0","0"
"European Central Bank decisions","0","0"
"European Central Bank guidelines****","0","0"
"European Central Bank recommendations","0","0"
"European Central Bank opinions","4","0"
"Total","90","64"
"Total","90"
"Statistics for","1998","11"
"","Adopted acts"
"","Basic","Amending"
"Legislative acts - Ordinary legislative procedure"
"Regulations of the European Parliament and of the Council","0","0"
"Directives of the European Parliament and of the Council","1","0"
"Decisions of the European Parliament and of the Council","0","0"
"Total","1","0"
"Total","1"
"Other legislative acts"
"Council regulations","15","8"
"Council directives","1","0"
"Council decisions","18","0"
"Total","34","8"
"Total","34"
"Non-legislative acts"
"Delegated acts"
"Commission delegated regulations","0","0"
"Commission delegated directives","0","0"
"Commission delegated decisions","0","0"
"Total","0","0"
"Total","0"
"Implementing acts"
"Council implementing regulations","0","0"
"Council implementing decisions","0","0"
"Commission implementing regulations","0","0"
"Commission implementing directives","0","0"
"Commission implementing decisions","0","0"
"Total","0","0"
"Total","0"
"Other acts"
"Commission regulations","22","26"
"Commission directives","1","5"
"Commission decisions","36","15"
"European Central Bank regulations","0","0"
"European Central Bank decisions","2","0"
"European Central Bank guidelines****","2","0"
"European Central Bank recommendations","2","0"
"European Central Bank opinions","5","0"
"Total","70","46"
"Total","70"
"Statistics for","1998","12"
"","Adopted acts"
"","Basic","Amending"
"Legislative acts - Ordinary legislative procedure"
"Regulations of the European Parliament and of the Council","0","0"
"Directives of the European Parliament and of the Council","1","1"
"Decisions of the European Parliament and of the Council","2","0"
"Total","3","1"
"Total","3"
"Other legislative acts"
"Council regulations","37","20"
"Council directives","1","5"
"Council decisions","33","6"
"Total","71","31"
"Total","71"
"Non-legislative acts"
"Delegated acts"
"Commission delegated regulations","0","0"
"Commission delegated directives","0","0"
"Commission delegated decisions","0","0"
"Total","0","0"
"Total","0"
"Implementing acts"
"Council implementing regulations","0","0"
"Council implementing decisions","0","0"
"Commission implementing regulations","0","0"
"Commission implementing directives","0","0"
"Commission implementing decisions","0","0"
"Total","0","0"
"Total","0"
"Other acts"
"Commission regulations","61","45"
"Commission directives","0","3"
"Commission decisions","64","18"
"European Central Bank regulations","2","0"
"European Central Bank decisions","3","0"
"European Central Bank guidelines****","2","0"
"European Central Bank recommendations","0","0"
"European Central Bank opinions","7","0"
"Total","139","66"
"Total","139"
"Statistics for","1999","1"
"","Adopted acts"
"","Basic","Amending"
"Legislative acts - Ordinary legislative procedure"
"Regulations of the European Parliament and of the Council","0","0"
"Directives of the European Parliament and of the Council","0","0"
"Decisions of the European Parliament and of the Council","2","0"
"Total","2","0"
"Total","2"
"Other legislative acts"
"Council regulations","3","6"
"Council directives","0","0"
"Council decisions","18","3"
"Total","21","9"
"Total","21"
"Non-legislative acts"
"Delegated acts"
"Commission delegated regulations","0","0"
"Commission delegated directives","0","0"
"Commission delegated decisions","0","0"
"Total","0","0"
"Total","0"
"Implementing acts"
"Council implementing regulations","0","0"
"Council implementing decisions","0","0"
"Commission implementing regulations","0","0"
"Commission implementing directives","0","0"
"Commission implementing decisions","0","0"
"Total","0","0"
"Total","0"
"Other acts"
"Commission regulations","11","22"
"Commission directives","1","1"
"Commission decisions","33","13"
"European Central Bank regulations","0","0"
"European Central Bank decisions","0","0"
"European Central Bank guidelines****","0","0"
"European Central Bank recommendations","0","0"
"European Central Bank opinions","1","0"
"Total","46","36"
"Total","46"
"Statistics for","1999","2"
"","Adopted acts"
"","Basic","Amending"
"Legislative acts - Ordinary legislative procedure"
"Regulations of the European Parliament and of the Council","0","0"
"Directives of the European Parliament and of the Council","3","0"
"Decisions of the European Parliament and of the Council","1","2"
"Total","4","2"
"Total","4"
"Other legislative acts"
"Council regulations","3","5"
"Council directives","0","0"
"Council decisions","7","0"
"Total","10","5"
"Total","10"
"Non-legislative acts"
"Delegated acts"
"Commission delegated regulations","0","0"
"Commission delegated directives","0","0"
"Commission delegated decisions","0","0"
"Total","0","0"
"Total","0"
"Implementing acts"
"Council implementing regulations","0","0"
"Council implementing decisions","0","0"
"Commission implementing regulations","0","0"
"Commission implementing directives","0","0"
"Commission implementing decisions","0","0"
"Total","0","0"
"Total","0"
"Other acts"
"Commission regulations","14","24"
"Commission directives","0","2"
"Commission decisions","54","8"
"European Central Bank regulations","0","0"
"European Central Bank decisions","0","0"
"European Central Bank guidelines****","0","0"
"European Central Bank recommendations","0","0"
"European Central Bank opinions","0","0"
"Total","68","34"
"Total","68"
"Statistics for","1999","3"
"","Adopted acts"
"","Basic","Amending"
"Legislative acts - Ordinary legislative procedure"
"Regulations of the European Parliament and of the Council","0","0"
"Directives of the European Parliament and of the Council","1","0"
"Decisions of the European Parliament and of the Council","0","0"
"Total","1","0"
"Total","1"
"Other legislative acts"
"Council regulations","9","2"
"Council directives","2","1"
"Council decisions","13","4"
"Total","24","7"
"Total","24"
"Non-legislative acts"
"Delegated acts"
"Commission delegated regulations","0","0"
"Commission delegated directives","0","0"
"Commission delegated decisions","0","0"
"Total","0","0"
"Total","0"
"Implementing acts"
"Council implementing regulations","0","0"
"Council implementing decisions","0","0"
"Commission implementing regulations","0","0"
"Commission implementing directives","0","0"
"Commission implementing decisions","0","0"
"Total","0","0"
"Total","0"
"Other acts"
"Commission regulations","30","40"
"Commission directives","2","8"
"Commission decisions","44","7"
"European Central Bank regulations","0","0"
"European Central Bank decisions","0","0"
"European Central Bank guidelines****","0","0"
"European Central Bank recommendations","0","0"
"European Central Bank opinions","1","0"
"Total","77","55"
"Total","77"
"Statistics for","1999","4"
"","Adopted acts"
"","Basic","Amending"
"Legislative acts - Ordinary legislative procedure"
"Regulations of the European Parliament and of the Council","0","1"
"Directives of the European Parliament and of the Council","0","0"
"Decisions of the European Parliament and of the Council","2","0"
"Total","2","1"
"Total","2"
"Other legislative acts"
"Council regulations","6","8"
"Council directives","8","0"
"Council decisions","12","6"
"Total","26","14"
"Total","26"
"Non-legislative acts"
"Delegated acts"
"Commission delegated regulations","0","0"
"Commission delegated directives","0","0"
"Commission delegated decisions","0","0"
"Total","0","0"
"Total","0"
"Implementing acts"
"Council implementing regulations","0","0"
"Council implementing decisions","0","0"
"Commission implementing regulations","0","0"
"Commission implementing directives","0","0"
"Commission implementing decisions","0","0"
"Total","0","0"
"Total","0"
"Other acts"
"Commission regulations","18","29"
"Commission directives","4","2"
"Commission decisions","50","5"
"European Central Bank regulations","0","0"
"European Central Bank decisions","0","0"
"European Central Bank guidelines****","1","0"
"European Central Bank recommendations","1","0"
"European Central Bank opinions","2","0"
"Total","76","36"
"Total","76"
"Statistics for","1999","5"
"","Adopted acts"
"","Basic","Amending"
"Legislative acts - Ordinary legislative procedure"
"Regulations of the European Parliament and of the Council","1","1"
"Directives of the European Parliament and of the Council","2","3"
"Decisions of the European Parliament and of the Council","1","0"
"Total","4","4"
"Total","4"
"Other legislative acts"
"Council regulations","13","6"
"Council directives","0","1"
"Council decisions","23","1"
"Total","36","8"
"Total","36"
"Non-legislative acts"
"Delegated acts"
"Commission delegated regulations","0","0"
"Commission delegated directives","0","0"
"Commission delegated decisions","0","0"
"Total","0","0"
"Total","0"
"Implementing acts"
"Council implementing regulations","0","0"
"Council implementing decisions","0","0"
"Commission implementing regulations","0","0"
"Commission implementing directives","0","0"
"Commission implementing decisions","0","0"
"Total","0","0"
"Total","0"
"Other acts"
"Commission regulations","29","33"
"Commission directives","1","9"
"Commission decisions","44","10"
"European Central Bank regulations","0","0"
"European Central Bank decisions","0","0"
"European Central Bank guidelines****","0","0"
"European Central Bank recommendations","0","0"
"European Central Bank opinions","1","0"
"Total","75","52"
"Total","75"
"Statistics for","1999","6"
"","Adopted acts"
"","Basic","Amending"
"Legislative acts - Ordinary legislative procedure"
"Regulations of the European Parliament and of the Council","0","2"
"Directives of the European Parliament and of the Council","2","1"
"Decisions of the European Parliament and of the Council","0","0"
"Total","2","3"
"Total","2"
"Other legislative acts"
"Council regulations","19","14"
"Council directives","2","2"
"Council decisions","12","2"
"Total","33","18"
"Total","33"
"Non-legislative acts"
"Delegated acts"
"Commission delegated regulations","0","0"
"Commission delegated directives","0","0"
"Commission delegated decisions","0","0"
"Total","0","0"
"Total","0"
"Implementing acts"
"Council implementing regulations","0","0"
"Council implementing decisions","0","0"
"Commission implementing regulations","0","0"
"Commission implementing directives","0","0"
"Commission implementing decisions","0","0"
"Total","0","0"
"Total","0"
"Other acts"
"Commission regulations","38","45"
"Commission directives","4","7"
"Commission decisions","53","14"
"European Central Bank regulations","0","0"
"European Central Bank decisions","0","0"
"European Central Bank guidelines****","0","0"
"European Central Bank recommendations","0","0"
"European Central Bank opinions","2","0"
"Total","97","66"
"Total","97"
"Statistics for","1999","7"
"","Adopted acts"
"","Basic","Amending"
"Legislative acts - Ordinary legislative procedure"
"Regulations of the European Parliament and of the Council","2","1"
"Directives of the European Parliament and of the Council","0","1"
"Decisions of the European Parliament and of the Council","2","1"
"Total","4","3"
"Total","4"
"Other legislative acts"
"Council regulations","17","6"
"Council directives","1","1"
"Council decisions","15","1"
"Total","33","8"
"Total","33"
"Non-legislative acts"
"Delegated acts"
"Commission delegated regulations","0","0"
"Commission delegated directives","0","0"
"Commission delegated decisions","0","0"
"Total","0","0"
"Total","0"
"Implementing acts"
"Council implementing regulations","0","0"
"Council implementing decisions","0","0"
"Commission implementing regulations","0","0"
"Commission implementing directives","0","0"
"Commission implementing decisions","0","0"
"Total","0","0"
"Total","0"
"Other acts"
"Commission regulations","56","58"
"Commission directives","1","7"
"Commission decisions","107","34"
"European Central Bank regulations","0","0"
"European Central Bank decisions","0","0"
"European Central Bank guidelines****","0","0"
"European Central Bank recommendations","0","0"
"European Central Bank opinions","3","0"
"Total","167","99"
"Total","167"
"Statistics for","1999","8"
"","Adopted acts"
"","Basic","Amending"
"Legislative acts - Ordinary legislative procedure"
"Regulations of the European Parliament and of the Council","0","0"
"Directives of the European Parliament and of the Council","0","0"
"Decisions of the European Parliament and of the Council","0","0"
"Total","0","0"
"Total","0"
"Other legislative acts"
"Council regulations","1","1"
"Council directives","0","0"
"Council decisions","0","0"
"Total","1","1"
"Total","1"
"Non-legislative acts"
"Delegated acts"
"Commission delegated regulations","0","0"
"Commission delegated directives","0","0"
"Commission delegated decisions","0","0"
"Total","0","0"
"Total","0"
"Implementing acts"
"Council implementing regulations","0","0"
"Council implementing decisions","0","0"
"Commission implementing regulations","0","0"
"Commission implementing directives","0","0"
"Commission implementing decisions","0","0"
"Total","0","0"
"Total","0"
"Other acts"
"Commission regulations","14","11"
"Commission directives","0","0"
"Commission decisions","27","1"
"European Central Bank regulations","0","0"
"European Central Bank decisions","0","1"
"European Central Bank guidelines****","0","0"
"European Central Bank recommendations","0","0"
"European Central Bank opinions","2","0"
"Total","43","13"
"Total","43"
"Statistics for","1999","9"
"","Adopted acts"
"","Basic","Amending"
"Legislative acts - Ordinary legislative procedure"
"Regulations of the European Parliament and of the Council","0","0"
"Directives of the European Parliament and of the Council","0","0"
"Decisions of the European Parliament and of the Council","0","0"
"Total","0","0"
"Total","0"
"Other legislative acts"
"Council regulations","1","3"
"Council directives","0","0"
"Council decisions","6","1"
"Total","7","4"
"Total","7"
"Non-legislative acts"
"Delegated acts"
"Commission delegated regulations","0","0"
"Commission delegated directives","0","0"
"Commission delegated decisions","0","0"
"Total","0","0"
"Total","0"
"Implementing acts"
"Council implementing regulations","0","0"
"Council implementing decisions","0","0"
"Commission implementing regulations","0","0"
"Commission implementing directives","0","0"
"Commission implementing decisions","0","0"
"Total","0","0"
"Total","0"
"Other acts"
"Commission regulations","22","22"
"Commission directives","0","2"
"Commission decisions","44","10"
"European Central Bank regulations","1","0"
"European Central Bank decisions","0","0"
"European Central Bank guidelines****","0","0"
"European Central Bank recommendations","1","0"
"European Central Bank opinions","4","0"
"Total","72","34"
"Total","72"
"Statistics for","1999","10"
"","Adopted acts"
"","Basic","Amending"
"Legislative acts - Ordinary legislative procedure"
"Regulations of the European Parliament and of the Council","0","0"
"Directives of the European Parliament and of the Council","0","1"
"Decisions of the European Parliament and of the Council","0","0"
"Total","0","1"
"Total","0"
"Other legislative acts"
"Council regulations","7","0"
"Council directives","0","1"
"Council decisions","8","1"
"Total","15","2"
"Total","15"
"Non-legislative acts"
"Delegated acts"
"Commission delegated regulations","0","0"
"Commission delegated directives","0","0"
"Commission delegated decisions","0","0"
"Total","0","0"
"Total","0"
"Implementing acts"
"Council implementing regulations","0","0"
"Council implementing decisions","0","0"
"Commission implementing regulations","0","0"
"Commission implementing directives","0","0"
"Commission implementing decisions","0","0"
"Total","0","0"
"Total","0"
"Other acts"
"Commission regulations","27","23"
"Commission directives","1","0"
"Commission decisions","36","17"
"European Central Bank regulations","0","0"
"European Central Bank decisions","2","1"
"European Central Bank guidelines****","0","0"
"European Central Bank recommendations","0","0"
"European Central Bank opinions","2","0"
"Total","68","41"
"Total","68"
"Statistics for","1999","11"
"","Adopted acts"
"","Basic","Amending"
"Legislative acts - Ordinary legislative procedure"
"Regulations of the European Parliament and of the Council","0","0"
"Directives of the European Parliament and of the Council","0","1"
"Decisions of the European Parliament and of the Council","0","0"
"Total","0","1"
"Total","0"
"Other legislative acts"
"Council regulations","0","7"
"Council directives","0","3"
"Council decisions","23","3"
"Total","23","13"
"Total","23"
"Non-legislative acts"
"Delegated acts"
"Commission delegated regulations","0","0"
"Commission delegated directives","0","0"
"Commission delegated decisions","0","0"
"Total","0","0"
"Total","0"
"Implementing acts"
"Council implementing regulations","0","0"
"Council implementing decisions","0","0"
"Commission implementing regulations","0","0"
"Commission implementing directives","0","0"
"Commission implementing decisions","0","0"
"Total","0","0"
"Total","0"
"Other acts"
"Commission regulations","27","17"
"Commission directives","0","1"
"Commission decisions","45","15"
"European Central Bank regulations","0","0"
"European Central Bank decisions","1","0"
"European Central Bank guidelines****","0","0"
"European Central Bank recommendations","0","0"
"European Central Bank opinions","2","0"
"Total","75","33"
"Total","75"
"Statistics for","1999","12"
"","Adopted acts"
"","Basic","Amending"
"Legislative acts - Ordinary legislative procedure"
"Regulations of the European Parliament and of the Council","1","0"
"Directives of the European Parliament and of the Council","5","0"
"Decisions of the European Parliament and of the Council","2","1"
"Total","8","1"
"Total","8"
"Other legislative acts"
"Council regulations","22","13"
"Council directives","1","0"
"Council decisions","38","8"
"Total","61","21"
"Total","61"
"Non-legislative acts"
"Delegated acts"
"Commission delegated regulations","0","0"
"Commission delegated directives","0","0"
"Commission delegated decisions","0","0"
"Total","0","0"
"Total","0"
"Implementing acts"
"Council implementing regulations","0","0"
"Council implementing decisions","0","0"
"Commission implementing regulations","0","0"
"Commission implementing directives","0","0"
"Commission implementing decisions","0","0"
"Total","0","0"
"Total","0"
"Other acts"
"Commission regulations","57","51"
"Commission directives","1","6"
"Commission decisions","89","30"
"European Central Bank regulations","0","0"
"European Central Bank decisions","1","0"
"European Central Bank guidelines****","0","0"
"European Central Bank recommendations","0","0"
"European Central Bank opinions","0","0"
"Total","148","87"
"Total","148"
"Statistics for","2000","1"
"","Adopted acts"
"","Basic","Amending"
"Legislative acts - Ordinary legislative procedure"
"Regulations of the European Parliament and of the Council","0","0"
"Directives of the European Parliament and of the Council","0","1"
"Decisions of the European Parliament and of the Council","2","0"
"Total","2","1"
"Total","2"
"Other legislative acts"
"Council regulations","9","7"
"Council directives","0","0"
"Council decisions","15","1"
"Total","24","8"
"Total","24"
"Non-legislative acts"
"Delegated acts"
"Commission delegated regulations","0","0"
"Commission delegated directives","0","0"
"Commission delegated decisions","0","0"
"Total","0","0"
"Total","0"
"Implementing acts"
"Council implementing regulations","0","0"
"Council implementing decisions","0","0"
"Commission implementing regulations","0","0"
"Commission implementing directives","0","0"
"Commission implementing decisions","0","0"
"Total","0","0"
"Total","0"
"Other acts"
"Commission regulations","15","7"
"Commission directives","2","0"
"Commission decisions","25","6"
"European Central Bank regulations","0","0"
"European Central Bank decisions","0","0"
"European Central Bank guidelines****","0","0"
"European Central Bank recommendations","0","0"
"European Central Bank opinions","1","0"
"Total","43","13"
"Total","43"
"Statistics for","2000","2"
"","Adopted acts"
"","Basic","Amending"
"Legislative acts - Ordinary legislative procedure"
"Regulations of the European Parliament and of the Council","0","0"
"Directives of the European Parliament and of the Council","0","2"
"Decisions of the European Parliament and of the Council","3","0"
"Total","3","2"
"Total","3"
"Other legislative acts"
"Council regulations","8","5"
"Council directives","2","0"
"Council decisions","20","5"
"Total","30","10"
"Total","30"
"Non-legislative acts"
"Delegated acts"
"Commission delegated regulations","0","0"
"Commission delegated directives","0","0"
"Commission delegated decisions","0","0"
"Total","0","0"
"Total","0"
"Implementing acts"
"Council implementing regulations","0","0"
"Council implementing decisions","0","0"
"Commission implementing regulations","0","0"
"Commission implementing directives","0","0"
"Commission implementing decisions","0","0"
"Total","0","0"
"Total","0"
"Other acts"
"Commission regulations","17","14"
"Commission directives","1","3"
"Commission decisions","63","16"
"European Central Bank regulations","0","0"
"European Central Bank decisions","0","0"
"European Central Bank guidelines****","1","0"
"European Central Bank recommendations","1","0"
"European Central Bank opinions","4","0"
"Total","87","33"
"Total","87"
"Statistics for","2000","3"
"","Adopted acts"
"","Basic","Amending"
"Legislative acts - Ordinary legislative procedure"
"Regulations of the European Parliament and of the Council","0","0"
"Directives of the European Parliament and of the Council","4","1"
"Decisions of the European Parliament and of the Council","0","0"
"Total","4","1"
"Total","4"
"Other legislative acts"
"Council regulations","6","3"
"Council directives","0","1"
"Council decisions","21","3"
"Total","27","7"
"Total","27"
"Non-legislative acts"
"Delegated acts"
"Commission delegated regulations","0","0"
"Commission delegated directives","0","0"
"Commission delegated decisions","0","0"
"Total","0","0"
"Total","0"
"Implementing acts"
"Council implementing regulations","0","0"
"Council implementing decisions","0","0"
"Commission implementing regulations","0","0"
"Commission implementing directives","0","0"
"Commission implementing decisions","0","0"
"Total","0","0"
"Total","0"
"Other acts"
"Commission regulations","17","13"
"Commission directives","0","2"
"Commission decisions","53","13"
"European Central Bank regulations","0","0"
"European Central Bank decisions","0","0"
"European Central Bank guidelines****","0","0"
"European Central Bank recommendations","0","0"
"European Central Bank opinions","2","0"
"Total","72","28"
"Total","72"
"Statistics for","2000","4"
"","Adopted acts"
"","Basic","Amending"
"Legislative acts - Ordinary legislative procedure"
"Regulations of the European Parliament and of the Council","0","0"
"Directives of the European Parliament and of the Council","1","2"
"Decisions of the European Parliament and of the Council","1","0"
"Total","2","2"
"Total","2"
"Other legislative acts"
"Council regulations","6","5"
"Council directives","0","0"
"Council decisions","5","0"
"Total","11","5"
"Total","11"
"Non-legislative acts"
"Delegated acts"
"Commission delegated regulations","0","0"
"Commission delegated directives","0","0"
"Commission delegated decisions","0","0"
"Total","0","0"
"Total","0"
"Implementing acts"
"Council implementing regulations","0","0"
"Council implementing decisions","0","0"
"Commission implementing regulations","0","0"
"Commission implementing directives","0","0"
"Commission implementing decisions","0","0"
"Total","0","0"
"Total","0"
"Other acts"
"Commission regulations","22","13"
"Commission directives","1","5"
"Commission decisions","42","12"
"European Central Bank regulations","0","0"
"European Central Bank decisions","0","0"
"European Central Bank guidelines****","0","0"
"European Central Bank recommendations","0","0"
"European Central Bank opinions","1","0"
"Total","66","30"
"Total","66"
"Statistics for","2000","5"
"","Adopted acts"
"","Basic","Amending"
"Legislative acts - Ordinary legislative procedure"
"Regulations of the European Parliament and of the Council","0","0"
"Directives of the European Parliament and of the Council","3","3"
"Decisions of the European Parliament and of the Council","1","1"
"Total","4","4"
"Total","4"
"Other legislative acts"
"Council regulations","11","5"
"Council directives","1","1"
"Council decisions","9","2"
"Total","21","8"
"Total","21"
"Non-legislative acts"
"Delegated acts"
"Commission delegated regulations","0","0"
"Commission delegated directives","0","0"
"Commission delegated decisions","0","0"
"Total","0","0"
"Total","0"
"Implementing acts"
"Council implementing regulations","0","0"
"Council implementing decisions","0","0"
"Commission implementing regulations","0","0"
"Commission implementing directives","0","0"
"Commission implementing decisions","0","0"
"Total","0","0"
"Total","0"
"Other acts"
"Commission regulations","29","27"
"Commission directives","0","1"
"Commission decisions","54","9"
"European Central Bank regulations","0","0"
"European Central Bank decisions","0","0"
"European Central Bank guidelines****","1","0"
"European Central Bank recommendations","1","0"
"European Central Bank opinions","1","0"
"Total","86","37"
"Total","86"
"Statistics for","2000","6"
"","Adopted acts"
"","Basic","Amending"
"Legislative acts - Ordinary legislative procedure"
"Regulations of the European Parliament and of the Council","2","0"
"Directives of the European Parliament and of the Council","5","1"
"Decisions of the European Parliament and of the Council","1","0"
"Total","8","1"
"Total","8"
"Other legislative acts"
"Council regulations","7","8"
"Council directives","1","1"
"Council decisions","14","3"
"Total","22","12"
"Total","22"
"Non-legislative acts"
"Delegated acts"
"Commission delegated regulations","0","0"
"Commission delegated directives","0","0"
"Commission delegated decisions","0","0"
"Total","0","0"
"Total","0"
"Implementing acts"
"Council implementing regulations","0","0"
"Council implementing decisions","0","0"
"Commission implementing regulations","0","0"
"Commission implementing directives","0","0"
"Commission implementing decisions","0","0"
"Total","0","0"
"Total","0"
"Other acts"
"Commission regulations","24","41"
"Commission directives","1","4"
"Commission decisions","52","7"
"European Central Bank regulations","0","0"
"European Central Bank decisions","0","0"
"European Central Bank guidelines****","0","0"
"European Central Bank recommendations","0","0"
"European Central Bank opinions","4","0"
"Total","81","52"
"Total","81"
"Statistics for","2000","7"
"","Adopted acts"
"","Basic","Amending"
"Legislative acts - Ordinary legislative procedure"
"Regulations of the European Parliament and of the Council","3","2"
"Directives of the European Parliament and of the Council","0","0"
"Decisions of the European Parliament and of the Council","1","0"
"Total","4","2"
"Total","4"
"Other legislative acts"
"Council regulations","6","11"
"Council directives","1","0"
"Council decisions","13","1"
"Total","20","12"
"Total","20"
"Non-legislative acts"
"Delegated acts"
"Commission delegated regulations","0","0"
"Commission delegated directives","0","0"
"Commission delegated decisions","0","0"
"Total","0","0"
"Total","0"
"Implementing acts"
"Council implementing regulations","0","0"
"Council implementing decisions","0","0"
"Commission implementing regulations","0","0"
"Commission implementing directives","0","0"
"Commission implementing decisions","0","0"
"Total","0","0"
"Total","0"
"Other acts"
"Commission regulations","56","50"
"Commission directives","1","4"
"Commission decisions","65","21"
"European Central Bank regulations","0","0"
"European Central Bank decisions","0","0"
"European Central Bank guidelines****","2","0"
"European Central Bank recommendations","0","0"
"European Central Bank opinions","1","0"
"Total","125","75"
"Total","125"
"Statistics for","2000","8"
"","Adopted acts"
"","Basic","Amending"
"Legislative acts - Ordinary legislative procedure"
"Regulations of the European Parliament and of the Council","0","0"
"Directives of the European Parliament and of the Council","0","0"
"Decisions of the European Parliament and of the Council","0","0"
"Total","0","0"
"Total","0"
"Other legislative acts"
"Council regulations","3","2"
"Council directives","0","0"
"Council decisions","0","2"
"Total","3","4"
"Total","3"
"Non-legislative acts"
"Delegated acts"
"Commission delegated regulations","0","0"
"Commission delegated directives","0","0"
"Commission delegated decisions","0","0"
"Total","0","0"
"Total","0"
"Implementing acts"
"Council implementing regulations","0","0"
"Council implementing decisions","0","0"
"Commission implementing regulations","0","0"
"Commission implementing directives","0","0"
"Commission implementing decisions","0","0"
"Total","0","0"
"Total","0"
"Other acts"
"Commission regulations","16","2"
"Commission directives","0","0"
"Commission decisions","50","4"
"European Central Bank regulations","0","1"
"European Central Bank decisions","0","0"
"European Central Bank guidelines****","1","0"
"European Central Bank recommendations","0","0"
"European Central Bank opinions","2","0"
"Total","69","7"
"Total","69"
"Statistics for","2000","9"
"","Adopted acts"
"","Basic","Amending"
"Legislative acts - Ordinary legislative procedure"
"Regulations of the European Parliament and of the Council","0","2"
"Directives of the European Parliament and of the Council","4","1"
"Decisions of the European Parliament and of the Council","0","1"
"Total","4","4"
"Total","4"
"Other legislative acts"
"Council regulations","10","6"
"Council directives","0","0"
"Council decisions","21","0"
"Total","31","6"
"Total","31"
"Non-legislative acts"
"Delegated acts"
"Commission delegated regulations","0","0"
"Commission delegated directives","0","0"
"Commission delegated decisions","0","0"
"Total","0","0"
"Total","0"
"Implementing acts"
"Council implementing regulations","0","0"
"Council implementing decisions","0","0"
"Commission implementing regulations","0","0"
"Commission implementing directives","0","0"
"Commission implementing decisions","0","0"
"Total","0","0"
"Total","0"
"Other acts"
"Commission regulations","24","15"
"Commission directives","0","3"
"Commission decisions","61","19"
"European Central Bank regulations","0","0"
"European Central Bank decisions","0","0"
"European Central Bank guidelines****","0","0"
"European Central Bank recommendations","0","0"
"European Central Bank opinions","1","0"
"Total","86","37"
"Total","86"
"Statistics for","2000","10"
"","Adopted acts"
"","Basic","Amending"
"Legislative acts - Ordinary legislative procedure"
"Regulations of the European Parliament and of the Council","0","0"
"Directives of the European Parliament and of the Council","1","2"
"Decisions of the European Parliament and of the Council","0","0"
"Total","1","2"
"Total","1"
"Other legislative acts"
"Council regulations","9","5"
"Council directives","0","1"
"Council decisions","6","3"
"Total","15","9"
"Total","15"
"Non-legislative acts"
"Delegated acts"
"Commission delegated regulations","0","0"
"Commission delegated directives","0","0"
"Commission delegated decisions","0","0"
"Total","0","0"
"Total","0"
"Implementing acts"
"Council implementing regulations","0","0"
"Council implementing decisions","0","0"
"Commission implementing regulations","0","0"
"Commission implementing directives","0","0"
"Commission implementing decisions","0","0"
"Total","0","0"
"Total","0"
"Other acts"
"Commission regulations","38","30"
"Commission directives","0","4"
"Commission decisions","62","16"
"European Central Bank regulations","0","0"
"European Central Bank decisions","0","0"
"European Central Bank guidelines****","0","0"
"European Central Bank recommendations","1","0"
"European Central Bank opinions","4","0"
"Total","105","50"
"Total","105"
"Statistics for","2000","11"
"","Adopted acts"
"","Basic","Amending"
"Legislative acts - Ordinary legislative procedure"
"Regulations of the European Parliament and of the Council","3","1"
"Directives of the European Parliament and of the Council","2","2"
"Decisions of the European Parliament and of the Council","0","0"
"Total","5","3"
"Total","5"
"Other legislative acts"
"Council regulations","8","12"
"Council directives","3","0"
"Council decisions","21","4"
"Total","32","16"
"Total","32"
"Non-legislative acts"
"Delegated acts"
"Commission delegated regulations","0","0"
"Commission delegated directives","0","0"
"Commission delegated decisions","0","0"
"Total","0","0"
"Total","0"
"Implementing acts"
"Council implementing regulations","0","0"
"Council implementing decisions","0","0"
"Commission implementing regulations","0","0"
"Commission implementing directives","0","0"
"Commission implementing decisions","0","0"
"Total","0","0"
"Total","0"
"Other acts"
"Commission regulations","30","16"
"Commission directives","2","2"
"Commission decisions","55","14"
"European Central Bank regulations","1","0"
"European Central Bank decisions","2","0"
"European Central Bank guidelines****","0","0"
"European Central Bank recommendations","0","0"
"European Central Bank opinions","4","0"
"Total","94","32"
"Total","94"
"Statistics for","2000","12"
"","Adopted acts"
"","Basic","Amending"
"Legislative acts - Ordinary legislative procedure"
"Regulations of the European Parliament and of the Council","3","0"
"Directives of the European Parliament and of the Council","1","3"
"Decisions of the European Parliament and of the Council","1","0"
"Total","5","3"
"Total","5"
"Other legislative acts"
"Council regulations","16","14"
"Council directives","0","0"
"Council decisions","25","7"
"Total","41","21"
"Total","41"
"Non-legislative acts"
"Delegated acts"
"Commission delegated regulations","0","0"
"Commission delegated directives","0","0"
"Commission delegated decisions","0","0"
"Total","0","0"
"Total","0"
"Implementing acts"
"Council implementing regulations","0","0"
"Council implementing decisions","0","0"
"Commission implementing regulations","0","0"
"Commission implementing directives","0","0"
"Commission implementing decisions","0","0"
"Total","0","0"
"Total","0"
"Other acts"
"Commission regulations","51","41"
"Commission directives","0","3"
"Commission decisions","98","17"
"European Central Bank regulations","0","0"
"European Central Bank decisions","2","0"
"European Central Bank guidelines****","1","0"
"European Central Bank recommendations","0","0"
"European Central Bank opinions","4","0"
"Total","156","61"
"Total","156"
"Statistics for","2001","1"
"","Adopted acts"
"","Basic","Amending"
"Legislative acts - Ordinary legislative procedure"
"Regulations of the European Parliament and of the Council","1","0"
"Directives of the European Parliament and of the Council","1","1"
"Decisions of the European Parliament and of the Council","1","0"
"Total","3","1"
"Total","3"
"Other legislative acts"
"Council regulations","2","4"
"Council directives","2","1"
"Council decisions","11","0"
"Total","15","5"
"Total","15"
"Non-legislative acts"
"Delegated acts"
"Commission delegated regulations","0","0"
"Commission delegated directives","0","0"
"Commission delegated decisions","0","0"
"Total","0","0"
"Total","0"
"Implementing acts"
"Council implementing regulations","0","0"
"Council implementing decisions","0","0"
"Commission implementing regulations","0","0"
"Commission implementing directives","0","0"
"Commission implementing decisions","0","0"
"Total","0","0"
"Total","0"
"Other acts"
"Commission regulations","16","19"
"Commission directives","0","4"
"Commission decisions","39","10"
"European Central Bank regulations","0","0"
"European Central Bank decisions","0","0"
"European Central Bank guidelines****","1","0"
"European Central Bank recommendations","0","0"
"European Central Bank opinions","1","0"
"Total","57","33"
"Total","57"
"Statistics for","2001","2"
"","Adopted acts"
"","Basic","Amending"
"Legislative acts - Ordinary legislative procedure"
"Regulations of the European Parliament and of the Council","0","0"
"Directives of the European Parliament and of the Council","1","3"
"Decisions of the European Parliament and of the Council","0","1"
"Total","1","4"
"Total","1"
"Other legislative acts"
"Council regulations","10","3"
"Council directives","0","0"
"Council decisions","10","2"
"Total","20","5"
"Total","20"
"Non-legislative acts"
"Delegated acts"
"Commission delegated regulations","0","0"
"Commission delegated directives","0","0"
"Commission delegated decisions","0","0"
"Total","0","0"
"Total","0"
"Implementing acts"
"Council implementing regulations","0","0"
"Council implementing decisions","0","0"
"Commission implementing regulations","0","0"
"Commission implementing directives","0","0"
"Commission implementing decisions","0","0"
"Total","0","0"
"Total","0"
"Other acts"
"Commission regulations","21","16"
"Commission directives","1","3"
"Commission decisions","51","19"
"European Central Bank regulations","0","0"
"European Central Bank decisions","0","0"
"European Central Bank guidelines****","0","0"
"European Central Bank recommendations","0","0"
"European Central Bank opinions","1","0"
"Total","74","38"
"Total","74"
"Statistics for","2001","3"
"","Adopted acts"
"","Basic","Amending"
"Legislative acts - Ordinary legislative procedure"
"Regulations of the European Parliament and of the Council","1","0"
"Directives of the European Parliament and of the Council","3","2"
"Decisions of the European Parliament and of the Council","1","0"
"Total","5","2"
"Total","5"
"Other legislative acts"
"Council regulations","9","1"
"Council directives","1","0"
"Council decisions","17","4"
"Total","27","5"
"Total","27"
"Non-legislative acts"
"Delegated acts"
"Commission delegated regulations","0","0"
"Commission delegated directives","0","0"
"Commission delegated decisions","0","0"
"Total","0","0"
"Total","0"
"Implementing acts"
"Council implementing regulations","0","0"
"Council implementing decisions","0","0"
"Commission implementing regulations","0","0"
"Commission implementing directives","0","0"
"Commission implementing decisions","0","0"
"Total","0","0"
"Total","0"
"Other acts"
"Commission regulations","36","28"
"Commission directives","1","1"
"Commission decisions","112","22"
"European Central Bank regulations","0","0"
"European Central Bank decisions","0","0"
"European Central Bank guidelines****","0","0"
"European Central Bank recommendations","1","0"
"European Central Bank opinions","1","0"
"Total","151","51"
"Total","151"
"Statistics for","2001","4"
"","Adopted acts"
"","Basic","Amending"
"Legislative acts - Ordinary legislative procedure"
"Regulations of the European Parliament and of the Council","2","0"
"Directives of the European Parliament and of the Council","3","0"
"Decisions of the European Parliament and of the Council","0","0"
"Total","5","0"
"Total","5"
"Other legislative acts"
"Council regulations","6","3"
"Council directives","6","0"
"Council decisions","18","1"
"Total","30","4"
"Total","30"
"Non-legislative acts"
"Delegated acts"
"Commission delegated regulations","0","0"
"Commission delegated directives","0","0"
"Commission delegated decisions","0","0"
"Total","0","0"
"Total","0"
"Implementing acts"
"Council implementing regulations","0","0"
"Council implementing decisions","0","0"
"Commission implementing regulations","0","0"
"Commission implementing directives","0","0"
"Commission implementing decisions","0","0"
"Total","0","0"
"Total","0"
"Other acts"
"Commission regulations","18","24"
"Commission directives","1","1"
"Commission decisions","47","26"
"European Central Bank regulations","0","0"
"European Central Bank decisions","0","0"
"European Central Bank guidelines****","1","0"
"European Central Bank recommendations","0","0"
"European Central Bank opinions","6","0"
"Total","73","51"
"Total","73"
"Statistics for","2001","5"
"","Adopted acts"
"","Basic","Amending"
"Legislative acts - Ordinary legislative procedure"
"Regulations of the European Parliament and of the Council","2","0"
"Directives of the European Parliament and of the Council","2","3"
"Decisions of the European Parliament and of the Council","1","1"
"Total","5","4"
"Total","5"
"Other legislative acts"
"Council regulations","9","9"
"Council directives","1","0"
"Council decisions","17","1"
"Total","27","10"
"Total","27"
"Non-legislative acts"
"Delegated acts"
"Commission delegated regulations","0","0"
"Commission delegated directives","0","0"
"Commission delegated decisions","0","0"
"Total","0","0"
"Total","0"
"Implementing acts"
"Council implementing regulations","0","0"
"Council implementing decisions","0","0"
"Commission implementing regulations","0","0"
"Commission implementing directives","0","0"
"Commission implementing decisions","0","0"
"Total","0","0"
"Total","0"
"Other acts"
"Commission regulations","26","19"
"Commission directives","1","6"
"Commission decisions","57","19"
"European Central Bank regulations","0","1"
"European Central Bank decisions","0","0"
"European Central Bank guidelines****","0","0"
"European Central Bank recommendations","0","0"
"European Central Bank opinions","5","0"
"Total","89","45"
"Total","89"
"Statistics for","2001","6"
"","Adopted acts"
"","Basic","Amending"
"Legislative acts - Ordinary legislative procedure"
"Regulations of the European Parliament and of the Council","0","3"
"Directives of the European Parliament and of the Council","2","4"
"Decisions of the European Parliament and of the Council","1","0"
"Total","3","7"
"Total","3"
"Other legislative acts"
"Council regulations","10","12"
"Council directives","1","1"
"Council decisions","36","0"
"Total","47","13"
"Total","47"
"Non-legislative acts"
"Delegated acts"
"Commission delegated regulations","0","0"
"Commission delegated directives","0","0"
"Commission delegated decisions","0","0"
"Total","0","0"
"Total","0"
"Implementing acts"
"Council implementing regulations","0","0"
"Council implementing decisions","0","0"
"Commission implementing regulations","0","0"
"Commission implementing directives","0","0"
"Commission implementing decisions","0","0"
"Total","0","0"
"Total","0"
"Other acts"
"Commission regulations","45","43"
"Commission directives","0","3"
"Commission decisions","61","14"
"European Central Bank regulations","0","0"
"European Central Bank decisions","0","0"
"European Central Bank guidelines****","0","1"
"European Central Bank recommendations","0","0"
"European Central Bank opinions","3","0"
"Total","109","61"
"Total","109"
"Statistics for","2001","7"
"","Adopted acts"
"","Basic","Amending"
"Legislative acts - Ordinary legislative procedure"
"Regulations of the European Parliament and of the Council","0","1"
"Directives of the European Parliament and of the Council","0","1"
"Decisions of the European Parliament and of the Council","0","0"
"Total","0","2"
"Total","0"
"Other legislative acts"
"Council regulations","5","5"
"Council directives","1","0"
"Council decisions","6","2"
"Total","12","7"
"Total","12"
"Non-legislative acts"
"Delegated acts"
"Commission delegated regulations","0","0"
"Commission delegated directives","0","0"
"Commission delegated decisions","0","0"
"Total","0","0"
"Total","0"
"Implementing acts"
"Council implementing regulations","0","0"
"Council implementing decisions","0","0"
"Commission implementing regulations","0","0"
"Commission implementing directives","0","0"
"Commission implementing decisions","0","0"
"Total","0","0"
"Total","0"
"Other acts"
"Commission regulations","30","38"
"Commission directives","1","5"
"Commission decisions","89","23"
"European Central Bank regulations","0","0"
"European Central Bank decisions","0","1"
"European Central Bank guidelines****","0","0"
"European Central Bank recommendations","0","0"
"European Central Bank opinions","1","0"
"Total","121","67"
"Total","121"
"Statistics for","2001","8"
"","Adopted acts"
"","Basic","Amending"
"Legislative acts - Ordinary legislative procedure"
"Regulations of the European Parliament and of the Council","0","0"
"Directives of the European Parliament and of the Council","0","0"
"Decisions of the European Parliament and of the Council","0","0"
"Total","0","0"
"Total","0"
"Other legislative acts"
"Council regulations","3","4"
"Council directives","0","1"
"Council decisions","1","0"
"Total","4","5"
"Total","4"
"Non-legislative acts"
"Delegated acts"
"Commission delegated regulations","0","0"
"Commission delegated directives","0","0"
"Commission delegated decisions","0","0"
"Total","0","0"
"Total","0"
"Implementing acts"
"Council implementing regulations","0","0"
"Council implementing decisions","0","0"
"Commission implementing regulations","0","0"
"Commission implementing directives","0","0"
"Commission implementing decisions","0","0"
"Total","0","0"
"Total","0"
"Other acts"
"Commission regulations","27","23"
"Commission directives","1","4"
"Commission decisions","59","18"
"European Central Bank regulations","0","0"
"European Central Bank decisions","1","0"
"European Central Bank guidelines****","0","0"
"European Central Bank recommendations","0","0"
"European Central Bank opinions","7","0"
"Total","95","45"
"Total","95"
"Statistics for","2001","9"
"","Adopted acts"
"","Basic","Amending"
"Legislative acts - Ordinary legislative procedure"
"Regulations of the European Parliament and of the Council","0","0"
"Directives of the European Parliament and of the Council","3","1"
"Decisions of the European Parliament and of the Council","0","0"
"Total","3","1"
"Total","3"
"Other legislative acts"
"Council regulations","4","1"
"Council directives","0","0"
"Council decisions","8","0"
"Total","12","1"
"Total","12"
"Non-legislative acts"
"Delegated acts"
"Commission delegated regulations","0","0"
"Commission delegated directives","0","0"
"Commission delegated decisions","0","0"
"Total","0","0"
"Total","0"
"Implementing acts"
"Council implementing regulations","0","0"
"Council implementing decisions","0","0"
"Commission implementing regulations","0","0"
"Commission implementing directives","0","0"
"Commission implementing decisions","0","0"
"Total","0","0"
"Total","0"
"Other acts"
"Commission regulations","24","18"
"Commission directives","1","1"
"Commission decisions","49","4"
"European Central Bank regulations","0","0"
"European Central Bank decisions","0","0"
"European Central Bank guidelines****","2","0"
"European Central Bank recommendations","0","0"
"European Central Bank opinions","6","0"
"Total","82","23"
"Total","82"
"Statistics for","2001","10"
"","Adopted acts"
"","Basic","Amending"
"Legislative acts - Ordinary legislative procedure"
"Regulations of the European Parliament and of the Council","1","0"
"Directives of the European Parliament and of the Council","2","0"
"Decisions of the European Parliament and of the Council","0","0"
"Total","3","0"
"Total","3"
"Other legislative acts"
"Council regulations","3","3"
"Council directives","1","1"
"Council decisions","13","0"
"Total","17","4"
"Total","17"
"Non-legislative acts"
"Delegated acts"
"Commission delegated regulations","0","0"
"Commission delegated directives","0","0"
"Commission delegated decisions","0","0"
"Total","0","0"
"Total","0"
"Implementing acts"
"Council implementing regulations","0","0"
"Council implementing decisions","0","0"
"Commission implementing regulations","0","0"
"Commission implementing directives","0","0"
"Commission implementing decisions","0","0"
"Total","0","0"
"Total","0"
"Other acts"
"Commission regulations","46","31"
"Commission directives","1","3"
"Commission decisions","59","19"
"European Central Bank regulations","0","0"
"European Central Bank decisions","0","0"
"European Central Bank guidelines****","0","1"
"European Central Bank recommendations","0","0"
"European Central Bank opinions","5","0"
"Total","111","54"
"Total","111"
"Statistics for","2001","11"
"","Adopted acts"
"","Basic","Amending"
"Legislative acts - Ordinary legislative procedure"
"Regulations of the European Parliament and of the Council","1","0"
"Directives of the European Parliament and of the Council","3","0"
"Decisions of the European Parliament and of the Council","1","0"
"Total","5","0"
"Total","5"
"Other legislative acts"
"Council regulations","7","5"
"Council directives","0","1"
"Council decisions","18","3"
"Total","25","9"
"Total","25"
"Non-legislative acts"
"Delegated acts"
"Commission delegated regulations","0","0"
"Commission delegated directives","0","0"
"Commission delegated decisions","0","0"
"Total","0","0"
"Total","0"
"Implementing acts"
"Council implementing regulations","0","0"
"Council implementing decisions","0","0"
"Commission implementing regulations","0","0"
"Commission implementing directives","0","0"
"Commission implementing decisions","0","0"
"Total","0","0"
"Total","0"
"Other acts"
"Commission regulations","24","24"
"Commission directives","0","4"
"Commission decisions","51","21"
"European Central Bank regulations","1","0"
"European Central Bank decisions","1","0"
"European Central Bank guidelines****","0","1"
"European Central Bank recommendations","0","0"
"European Central Bank opinions","4","0"
"Total","81","50"
"Total","81"
"Statistics for","2001","12"
"","Adopted acts"
"","Basic","Amending"
"Legislative acts - Ordinary legislative procedure"
"Regulations of the European Parliament and of the Council","1","1"
"Directives of the European Parliament and of the Council","3","5"
"Decisions of the European Parliament and of the Council","2","0"
"Total","6","6"
"Total","6"
"Other legislative acts"
"Council regulations","12","13"
"Council directives","5","1"
"Council decisions","35","6"
"Total","52","20"
"Total","52"
"Non-legislative acts"
"Delegated acts"
"Commission delegated regulations","0","0"
"Commission delegated directives","0","0"
"Commission delegated decisions","0","0"
"Total","0","0"
"Total","0"
"Implementing acts"
"Council implementing regulations","0","0"
"Council implementing decisions","0","0"
"Commission implementing regulations","0","0"
"Commission implementing directives","0","0"
"Commission implementing decisions","0","0"
"Total","0","0"
"Total","0"
"Other acts"
"Commission regulations","64","32"
"Commission directives","0","1"
"Commission decisions","76","16"
"European Central Bank regulations","1","0"
"European Central Bank decisions","3","1"
"European Central Bank guidelines****","0","0"
"European Central Bank recommendations","1","0"
"European Central Bank opinions","2","0"
"Total","147","50"
"Total","147"
"Statistics for","2002","1"
"","Adopted acts"
"","Basic","Amending"
"Legislative acts - Ordinary legislative procedure"
"Regulations of the European Parliament and of the Council","1","0"
"Directives of the European Parliament and of the Council","0","10"
"Decisions of the European Parliament and of the Council","0","0"
"Total","1","10"
"Total","1"
"Other legislative acts"
"Council regulations","7","6"
"Council directives","0","0"
"Council decisions","25","2"
"Total","32","8"
"Total","32"
"Non-legislative acts"
"Delegated acts"
"Commission delegated regulations","0","0"
"Commission delegated directives","0","0"
"Commission delegated decisions","0","0"
"Total","0","0"
"Total","0"
"Implementing acts"
"Council implementing regulations","0","0"
"Council implementing decisions","0","0"
"Commission implementing regulations","0","0"
"Commission implementing directives","0","0"
"Commission implementing decisions","0","0"
"Total","0","0"
"Total","0"
"Other acts"
"Commission regulations","16","16"
"Commission directives","1","2"
"Commission decisions","42","18"
"European Central Bank regulations","0","0"
"European Central Bank decisions","0","0"
"European Central Bank guidelines****","0","0"
"European Central Bank recommendations","0","0"
"European Central Bank opinions","6","0"
"Total","65","36"
"Total","65"
"Statistics for","2002","2"
"","Adopted acts"
"","Basic","Amending"
"Legislative acts - Ordinary legislative procedure"
"Regulations of the European Parliament and of the Council","1","1"
"Directives of the European Parliament and of the Council","2","1"
"Decisions of the European Parliament and of the Council","0","0"
"Total","3","2"
"Total","3"
"Other legislative acts"
"Council regulations","12","6"
"Council directives","0","2"
"Council decisions","11","2"
"Total","23","10"
"Total","23"
"Non-legislative acts"
"Delegated acts"
"Commission delegated regulations","0","0"
"Commission delegated directives","0","0"
"Commission delegated decisions","0","0"
"Total","0","0"
"Total","0"
"Implementing acts"
"Council implementing regulations","0","0"
"Council implementing decisions","0","0"
"Commission implementing regulations","0","0"
"Commission implementing directives","0","0"
"Commission implementing decisions","0","0"
"Total","0","0"
"Total","0"
"Other acts"
"Commission regulations","15","31"
"Commission directives","1","4"
"Commission decisions","33","15"
"European Central Bank regulations","0","0"
"European Central Bank decisions","0","0"
"European Central Bank guidelines****","0","1"
"European Central Bank recommendations","0","0"
"European Central Bank opinions","1","0"
"Total","50","51"
"Total","50"
"Statistics for","2002","3"
"","Adopted acts"
"","Basic","Amending"
"Legislative acts - Ordinary legislative procedure"
"Regulations of the European Parliament and of the Council","0","1"
"Directives of the European Parliament and of the Council","8","2"
"Decisions of the European Parliament and of the Council","2","0"
"Total","10","3"
"Total","10"
"Other legislative acts"
"Council regulations","5","3"
"Council directives","0","0"
"Council decisions","11","0"
"Total","16","3"
"Total","16"
"Non-legislative acts"
"Delegated acts"
"Commission delegated regulations","0","0"
"Commission delegated directives","0","0"
"Commission delegated decisions","0","0"
"Total","0","0"
"Total","0"
"Implementing acts"
"Council implementing regulations","0","0"
"Council implementing decisions","0","0"
"Commission implementing regulations","0","0"
"Commission implementing directives","0","0"
"Commission implementing decisions","0","0"
"Total","0","0"
"Total","0"
"Other acts"
"Commission regulations","21","19"
"Commission directives","2","4"
"Commission decisions","50","17"
"European Central Bank regulations","0","0"
"European Central Bank decisions","0","0"
"European Central Bank guidelines****","0","1"
"European Central Bank recommendations","0","0"
"European Central Bank opinions","3","0"
"Total","76","41"
"Total","76"
"Statistics for","2002","4"
"","Adopted acts"
"","Basic","Amending"
"Legislative acts - Ordinary legislative procedure"
"Regulations of the European Parliament and of the Council","1","2"
"Directives of the European Parliament and of the Council","0","0"
"Decisions of the European Parliament and of the Council","0","0"
"Total","1","2"
"Total","1"
"Other legislative acts"
"Council regulations","4","0"
"Council directives","0","0"
"Council decisions","8","2"
"Total","12","2"
"Total","12"
"Non-legislative acts"
"Delegated acts"
"Commission delegated regulations","0","0"
"Commission delegated directives","0","0"
"Commission delegated decisions","0","0"
"Total","0","0"
"Total","0"
"Implementing acts"
"Council implementing regulations","0","0"
"Council implementing decisions","0","0"
"Commission implementing regulations","0","0"
"Commission implementing directives","0","0"
"Commission implementing decisions","0","0"
"Total","0","0"
"Total","0"
"Other acts"
"Commission regulations","15","19"
"Commission directives","0","3"
"Commission decisions","53","12"
"European Central Bank regulations","0","1"
"European Central Bank decisions","0","0"
"European Central Bank guidelines****","0","0"
"European Central Bank recommendations","0","0"
"European Central Bank opinions","5","0"
"Total","73","35"
"Total","73"
"Statistics for","2002","5"
"","Adopted acts"
"","Basic","Amending"
"Legislative acts - Ordinary legislative procedure"
"Regulations of the European Parliament and of the Council","0","4"
"Directives of the European Parliament and of the Council","1","0"
"Decisions of the European Parliament and of the Council","0","0"
"Total","1","4"
"Total","1"
"Other legislative acts"
"Council regulations","5","4"
"Council directives","0","1"
"Council decisions","17","0"
"Total","22","5"
"Total","22"
"Non-legislative acts"
"Delegated acts"
"Commission delegated regulations","0","0"
"Commission delegated directives","0","0"
"Commission delegated decisions","0","0"
"Total","0","0"
"Total","0"
"Implementing acts"
"Council implementing regulations","0","0"
"Council implementing decisions","0","0"
"Commission implementing regulations","0","0"
"Commission implementing directives","0","0"
"Commission implementing decisions","0","0"
"Total","0","0"
"Total","0"
"Other acts"
"Commission regulations","22","20"
"Commission directives","1","4"
"Commission decisions","42","9"
"European Central Bank regulations","0","0"
"European Central Bank decisions","0","0"
"European Central Bank guidelines****","0","0"
"European Central Bank recommendations","0","0"
"European Central Bank opinions","0","0"
"Total","65","33"
"Total","65"
"Statistics for","2002","6"
"","Adopted acts"
"","Basic","Amending"
"Legislative acts - Ordinary legislative procedure"
"Regulations of the European Parliament and of the Council","2","0"
"Directives of the European Parliament and of the Council","5","2"
"Decisions of the European Parliament and of the Council","2","0"
"Total","9","2"
"Total","9"
"Other legislative acts"
"Council regulations","14","6"
"Council directives","6","0"
"Council decisions","16","5"
"Total","36","11"
"Total","36"
"Non-legislative acts"
"Delegated acts"
"Commission delegated regulations","0","0"
"Commission delegated directives","0","0"
"Commission delegated decisions","0","0"
"Total","0","0"
"Total","0"
"Implementing acts"
"Council implementing regulations","0","0"
"Council implementing decisions","0","0"
"Commission implementing regulations","0","0"
"Commission implementing directives","0","0"
"Commission implementing decisions","0","0"
"Total","0","0"
"Total","0"
"Other acts"
"Commission regulations","26","29"
"Commission directives","0","1"
"Commission decisions","52","21"
"European Central Bank regulations","0","1"
"European Central Bank decisions","0","0"
"European Central Bank guidelines****","0","0"
"European Central Bank recommendations","0","0"
"European Central Bank opinions","2","0"
"Total","80","52"
"Total","80"
"Statistics for","2002","7"
"","Adopted acts"
"","Basic","Amending"
"Legislative acts - Ordinary legislative procedure"
"Regulations of the European Parliament and of the Council","2","0"
"Directives of the European Parliament and of the Council","2","1"
"Decisions of the European Parliament and of the Council","1","1"
"Total","5","2"
"Total","5"
"Other legislative acts"
"Council regulations","9","4"
"Council directives","0","1"
"Council decisions","11","5"
"Total","20","10"
"Total","20"
"Non-legislative acts"
"Delegated acts"
"Commission delegated regulations","0","0"
"Commission delegated directives","0","0"
"Commission delegated decisions","0","0"
"Total","0","0"
"Total","0"
"Implementing acts"
"Council implementing regulations","0","0"
"Council implementing decisions","0","0"
"Commission implementing regulations","0","0"
"Commission implementing directives","0","0"
"Commission implementing decisions","0","0"
"Total","0","0"
"Total","0"
"Other acts"
"Commission regulations","41","37"
"Commission directives","4","3"
"Commission decisions","62","17"
"European Central Bank regulations","0","0"
"European Central Bank decisions","0","0"
"European Central Bank guidelines****","1","0"
"European Central Bank recommendations","0","0"
"European Central Bank opinions","2","0"
"Total","110","57"
"Total","110"
"Statistics for","2002","8"
"","Adopted acts"
"","Basic","Amending"
"Legislative acts - Ordinary legislative procedure"
"Regulations of the European Parliament and of the Council","0","0"
"Directives of the European Parliament and of the Council","0","0"
"Decisions of the European Parliament and of the Council","0","0"
"Total","0","0"
"Total","0"
"Other legislative acts"
"Council regulations","2","1"
"Council directives","0","0"
"Council decisions","0","0"
"Total","2","1"
"Total","2"
"Non-legislative acts"
"Delegated acts"
"Commission delegated regulations","0","0"
"Commission delegated directives","0","0"
"Commission delegated decisions","0","0"
"Total","0","0"
"Total","0"
"Implementing acts"
"Council implementing regulations","0","0"
"Council implementing decisions","0","0"
"Commission implementing regulations","0","0"
"Commission implementing directives","0","0"
"Commission implementing decisions","0","0"
"Total","0","0"
"Total","0"
"Other acts"
"Commission regulations","27","24"
"Commission directives","1","1"
"Commission decisions","41","9"
"European Central Bank regulations","0","0"
"European Central Bank decisions","0","0"
"European Central Bank guidelines****","0","0"
"European Central Bank recommendations","0","0"
"European Central Bank opinions","1","0"
"Total","70","34"
"Total","70"
"Statistics for","2002","9"
"","Adopted acts"
"","Basic","Amending"
"Legislative acts - Ordinary legislative procedure"
"Regulations of the European Parliament and of the Council","1","0"
"Directives of the European Parliament and of the Council","1","2"
"Decisions of the European Parliament and of the Council","1","0"
"Total","3","2"
"Total","3"
"Other legislative acts"
"Council regulations","4","7"
"Council directives","0","0"
"Council decisions","15","1"
"Total","19","8"
"Total","19"
"Non-legislative acts"
"Delegated acts"
"Commission delegated regulations","0","0"
"Commission delegated directives","0","0"
"Commission delegated decisions","0","0"
"Total","0","0"
"Total","0"
"Implementing acts"
"Council implementing regulations","0","0"
"Council implementing decisions","0","0"
"Commission implementing regulations","0","0"
"Commission implementing directives","0","0"
"Commission implementing decisions","0","0"
"Total","0","0"
"Total","0"
"Other acts"
"Commission regulations","22","17"
"Commission directives","1","2"
"Commission decisions","48","2"
"European Central Bank regulations","0","0"
"European Central Bank decisions","0","0"
"European Central Bank guidelines****","1","0"
"European Central Bank recommendations","0","0"
"European Central Bank opinions","3","0"
"Total","75","21"
"Total","75"
"Statistics for","2002","10"
"","Adopted acts"
"","Basic","Amending"
"Legislative acts - Ordinary legislative procedure"
"Regulations of the European Parliament and of the Council","1","1"
"Directives of the European Parliament and of the Council","0","1"
"Decisions of the European Parliament and of the Council","0","3"
"Total","1","5"
"Total","1"
"Other legislative acts"
"Council regulations","2","3"
"Council directives","0","0"
"Council decisions","10","7"
"Total","12","10"
"Total","12"
"Non-legislative acts"
"Delegated acts"
"Commission delegated regulations","0","0"
"Commission delegated directives","0","0"
"Commission delegated decisions","0","0"
"Total","0","0"
"Total","0"
"Implementing acts"
"Council implementing regulations","0","0"
"Council implementing decisions","0","0"
"Commission implementing regulations","0","0"
"Commission implementing directives","0","0"
"Commission implementing decisions","0","0"
"Total","0","0"
"Total","0"
"Other acts"
"Commission regulations","33","44"
"Commission directives","0","5"
"Commission decisions","60","20"
"European Central Bank regulations","0","0"
"European Central Bank decisions","0","0"
"European Central Bank guidelines****","0","0"
"European Central Bank recommendations","0","0"
"European Central Bank opinions","3","0"
"Total","96","69"
"Total","96"
"Statistics for","2002","11"
"","Adopted acts"
"","Basic","Amending"
"Legislative acts - Ordinary legislative procedure"
"Regulations of the European Parliament and of the Council","3","1"
"Directives of the European Parliament and of the Council","1","4"
"Decisions of the European Parliament and of the Council","0","0"
"Total","4","5"
"Total","4"
"Other legislative acts"
"Council regulations","5","6"
"Council directives","3","1"
"Council decisions","21","2"
"Total","29","9"
"Total","29"
"Non-legislative acts"
"Delegated acts"
"Commission delegated regulations","0","0"
"Commission delegated directives","0","0"
"Commission delegated decisions","0","0"
"Total","0","0"
"Total","0"
"Implementing acts"
"Council implementing regulations","0","0"
"Council implementing decisions","0","0"
"Commission implementing regulations","0","0"
"Commission implementing directives","0","0"
"Commission implementing decisions","0","0"
"Total","0","0"
"Total","0"
"Other acts"
"Commission regulations","21","27"
"Commission directives","2","1"
"Commission decisions","47","18"
"European Central Bank regulations","0","1"
"European Central Bank decisions","1","0"
"European Central Bank guidelines****","1","0"
"European Central Bank recommendations","0","0"
"European Central Bank opinions","1","0"
"Total","73","47"
"Total","73"
"Statistics for","2002","12"
"","Adopted acts"
"","Basic","Amending"
"Legislative acts - Ordinary legislative procedure"
"Regulations of the European Parliament and of the Council","3","0"
"Directives of the European Parliament and of the Council","4","0"
"Decisions of the European Parliament and of the Council","2","0"
"Total","9","0"
"Total","9"
"Other legislative acts"
"Council regulations","20","7"
"Council directives","1","1"
"Council decisions","26","4"
"Total","47","12"
"Total","47"
"Non-legislative acts"
"Delegated acts"
"Commission delegated regulations","0","0"
"Commission delegated directives","0","0"
"Commission delegated decisions","0","0"
"Total","0","0"
"Total","0"
"Implementing acts"
"Council implementing regulations","0","0"
"Council implementing decisions","0","0"
"Commission implementing regulations","0","0"
"Commission implementing directives","0","0"
"Commission implementing decisions","0","0"
"Total","0","0"
"Total","0"
"Other acts"
"Commission regulations","51","39"
"Commission directives","1","2"
"Commission decisions","71","5"
"European Central Bank regulations","0","0"
"European Central Bank decisions","2","0"
"European Central Bank guidelines****","1","0"
"European Central Bank recommendations","1","0"
"European Central Bank opinions","4","0"
"Total","131","46"
"Total","131"
"Statistics for","2003","1"
"","Adopted acts"
"","Basic","Amending"
"Legislative acts - Ordinary legislative procedure"
"Regulations of the European Parliament and of the Council","1","0"
"Directives of the European Parliament and of the Council","5","0"
"Decisions of the European Parliament and of the Council","0","0"
"Total","6","0"
"Total","6"
"Other legislative acts"
"Council regulations","9","6"
"Council directives","2","0"
"Council decisions","4","2"
"Total","15","8"
"Total","15"
"Non-legislative acts"
"Delegated acts"
"Commission delegated regulations","0","0"
"Commission delegated directives","0","0"
"Commission delegated decisions","0","0"
"Total","0","0"
"Total","0"
"Implementing acts"
"Council implementing regulations","0","0"
"Council implementing decisions","0","0"
"Commission implementing regulations","0","0"
"Commission implementing directives","0","0"
"Commission implementing decisions","0","0"
"Total","0","0"
"Total","0"
"Other acts"
"Commission regulations","19","16"
"Commission directives","0","5"
"Commission decisions","38","15"
"European Central Bank regulations","0","0"
"European Central Bank decisions","0","0"
"European Central Bank guidelines****","0","0"
"European Central Bank recommendations","0","0"
"European Central Bank opinions","1","0"
"Total","58","36"
"Total","58"
"Statistics for","2003","2"
"","Adopted acts"
"","Basic","Amending"
"Legislative acts - Ordinary legislative procedure"
"Regulations of the European Parliament and of the Council","2","0"
"Directives of the European Parliament and of the Council","1","4"
"Decisions of the European Parliament and of the Council","1","2"
"Total","4","6"
"Total","4"
"Other legislative acts"
"Council regulations","9","3"
"Council directives","0","0"
"Council decisions","19","2"
"Total","28","5"
"Total","28"
"Non-legislative acts"
"Delegated acts"
"Commission delegated regulations","0","0"
"Commission delegated directives","0","0"
"Commission delegated decisions","0","0"
"Total","0","0"
"Total","0"
"Implementing acts"
"Council implementing regulations","0","0"
"Council implementing decisions","0","0"
"Commission implementing regulations","0","0"
"Commission implementing directives","0","0"
"Commission implementing decisions","0","0"
"Total","0","0"
"Total","0"
"Other acts"
"Commission regulations","23","26"
"Commission directives","1","3"
"Commission decisions","40","9"
"European Central Bank regulations","0","0"
"European Central Bank decisions","0","0"
"European Central Bank guidelines****","1","0"
"European Central Bank recommendations","1","0"
"European Central Bank opinions","1","0"
"Total","67","38"
"Total","67"
"Statistics for","2003","3"
"","Adopted acts"
"","Basic","Amending"
"Legislative acts - Ordinary legislative procedure"
"Regulations of the European Parliament and of the Council","0","0"
"Directives of the European Parliament and of the Council","0","2"
"Decisions of the European Parliament and of the Council","0","0"
"Total","0","2"
"Total","0"
"Other legislative acts"
"Council regulations","5","2"
"Council directives","0","0"
"Council decisions","13","2"
"Total","18","4"
"Total","18"
"Non-legislative acts"
"Delegated acts"
"Commission delegated regulations","0","0"
"Commission delegated directives","0","0"
"Commission delegated decisions","0","0"
"Total","0","0"
"Total","0"
"Implementing acts"
"Council implementing regulations","0","0"
"Council implementing decisions","0","0"
"Commission implementing regulations","0","0"
"Commission implementing directives","0","0"
"Commission implementing decisions","0","0"
"Total","0","0"
"Total","0"
"Other acts"
"Commission regulations","23","30"
"Commission directives","0","4"
"Commission decisions","41","16"
"European Central Bank regulations","0","0"
"European Central Bank decisions","1","0"
"European Central Bank guidelines****","1","0"
"European Central Bank recommendations","1","0"
"European Central Bank opinions","2","0"
"Total","69","50"
"Total","69"
"Statistics for","2003","4"
"","Adopted acts"
"","Basic","Amending"
"Legislative acts - Ordinary legislative procedure"
"Regulations of the European Parliament and of the Council","1","0"
"Directives of the European Parliament and of the Council","1","2"
"Decisions of the European Parliament and of the Council","0","0"
"Total","2","2"
"Total","2"
"Other legislative acts"
"Council regulations","5","6"
"Council directives","0","0"
"Council decisions","14","1"
"Total","19","7"
"Total","19"
"Non-legislative acts"
"Delegated acts"
"Commission delegated regulations","0","0"
"Commission delegated directives","0","0"
"Commission delegated decisions","0","0"
"Total","0","0"
"Total","0"
"Implementing acts"
"Council implementing regulations","0","0"
"Council implementing decisions","0","0"
"Commission implementing regulations","0","0"
"Commission implementing directives","0","0"
"Commission implementing decisions","0","0"
"Total","0","0"
"Total","0"
"Other acts"
"Commission regulations","18","32"
"Commission directives","3","3"
"Commission decisions","37","10"
"European Central Bank regulations","0","0"
"European Central Bank decisions","0","0"
"European Central Bank guidelines****","0","1"
"European Central Bank recommendations","0","0"
"European Central Bank opinions","2","0"
"Total","60","46"
"Total","60"
"Statistics for","2003","5"
"","Adopted acts"
"","Basic","Amending"
"Legislative acts - Ordinary legislative procedure"
"Regulations of the European Parliament and of the Council","2","0"
"Directives of the European Parliament and of the Council","4","2"
"Decisions of the European Parliament and of the Council","1","0"
"Total","7","2"
"Total","7"
"Other legislative acts"
"Council regulations","6","5"
"Council directives","0","2"
"Council decisions","24","3"
"Total","30","10"
"Total","30"
"Non-legislative acts"
"Delegated acts"
"Commission delegated regulations","0","0"
"Commission delegated directives","0","0"
"Commission delegated decisions","0","0"
"Total","0","0"
"Total","0"
"Implementing acts"
"Council implementing regulations","0","0"
"Council implementing decisions","0","0"
"Commission implementing regulations","0","0"
"Commission implementing directives","0","0"
"Commission implementing decisions","0","0"
"Total","0","0"
"Total","0"
"Other acts"
"Commission regulations","22","29"
"Commission directives","1","2"
"Commission decisions","58","20"
"European Central Bank regulations","0","0"
"European Central Bank decisions","0","0"
"European Central Bank guidelines****","1","0"
"European Central Bank recommendations","1","0"
"European Central Bank opinions","1","0"
"Total","84","51"
"Total","84"
"Statistics for","2003","6"
"","Adopted acts"
"","Basic","Amending"
"Legislative acts - Ordinary legislative procedure"
"Regulations of the European Parliament and of the Council","1","2"
"Directives of the European Parliament and of the Council","4","4"
"Decisions of the European Parliament and of the Council","4","1"
"Total","9","7"
"Total","9"
"Other legislative acts"
"Council regulations","13","17"
"Council directives","2","2"
"Council decisions","16","10"
"Total","31","29"
"Total","31"
"Non-legislative acts"
"Delegated acts"
"Commission delegated regulations","0","0"
"Commission delegated directives","0","0"
"Commission delegated decisions","0","0"
"Total","0","0"
"Total","0"
"Implementing acts"
"Council implementing regulations","0","0"
"Council implementing decisions","0","0"
"Commission implementing regulations","0","0"
"Commission implementing directives","0","0"
"Commission implementing decisions","0","0"
"Total","0","0"
"Total","0"
"Other acts"
"Commission regulations","23","30"
"Commission directives","0","6"
"Commission decisions","46","6"
"European Central Bank regulations","0","0"
"European Central Bank decisions","0","0"
"European Central Bank guidelines****","0","0"
"European Central Bank recommendations","0","0"
"European Central Bank opinions","4","0"
"Total","73","42"
"Total","73"
"Statistics for","2003","7"
"","Adopted acts"
"","Basic","Amending"
"Legislative acts - Ordinary legislative procedure"
"Regulations of the European Parliament and of the Council","5","6"
"Directives of the European Parliament and of the Council","1","2"
"Decisions of the European Parliament and of the Council","1","0"
"Total","7","8"
"Total","7"
"Other legislative acts"
"Council regulations","7","3"
"Council directives","1","0"
"Council decisions","22","3"
"Total","30","6"
"Total","30"
"Non-legislative acts"
"Delegated acts"
"Commission delegated regulations","0","0"
"Commission delegated directives","0","0"
"Commission delegated decisions","0","0"
"Total","0","0"
"Total","0"
"Implementing acts"
"Council implementing regulations","0","0"
"Council implementing decisions","0","0"
"Commission implementing regulations","0","0"
"Commission implementing directives","0","0"
"Commission implementing decisions","0","0"
"Total","0","0"
"Total","0"
"Other acts"
"Commission regulations","25","34"
"Commission directives","0","6"
"Commission decisions","56","20"
"European Central Bank regulations","0","0"
"European Central Bank decisions","0","0"
"European Central Bank guidelines****","0","0"
"European Central Bank recommendations","0","0"
"European Central Bank opinions","2","0"
"Total","83","60"
"Total","83"
"Statistics for","2003","8"
"","Adopted acts"
"","Basic","Amending"
"Legislative acts - Ordinary legislative procedure"
"Regulations of the European Parliament and of the Council","0","0"
"Directives of the European Parliament and of the Council","0","0"
"Decisions of the European Parliament and of the Council","0","0"
"Total","0","0"
"Total","0"
"Other legislative acts"
"Council regulations","1","0"
"Council directives","0","0"
"Council decisions","1","0"
"Total","2","0"
"Total","2"
"Non-legislative acts"
"Delegated acts"
"Commission delegated regulations","0","0"
"Commission delegated directives","0","0"
"Commission delegated decisions","0","0"
"Total","0","0"
"Total","0"
"Implementing acts"
"Council implementing regulations","0","0"
"Council implementing decisions","0","0"
"Commission implementing regulations","0","0"
"Commission implementing directives","0","0"
"Commission implementing decisions","0","0"
"Total","0","0"
"Total","0"
"Other acts"
"Commission regulations","33","45"
"Commission directives","1","3"
"Commission decisions","39","8"
"European Central Bank regulations","0","0"
"European Central Bank decisions","0","0"
"European Central Bank guidelines****","0","0"
"European Central Bank recommendations","0","0"
"European Central Bank opinions","4","0"
"Total","77","56"
"Total","77"
"Statistics for","2003","9"
"","Adopted acts"
"","Basic","Amending"
"Legislative acts - Ordinary legislative procedure"
"Regulations of the European Parliament and of the Council","4","1"
"Directives of the European Parliament and of the Council","0","0"
"Decisions of the European Parliament and of the Council","0","0"
"Total","4","1"
"Total","4"
"Other legislative acts"
"Council regulations","10","8"
"Council directives","2","0"
"Council decisions","19","2"
"Total","31","10"
"Total","31"
"Non-legislative acts"
"Delegated acts"
"Commission delegated regulations","0","0"
"Commission delegated directives","0","0"
"Commission delegated decisions","0","0"
"Total","0","0"
"Total","0"
"Implementing acts"
"Council implementing regulations","0","0"
"Council implementing decisions","0","0"
"Commission implementing regulations","0","0"
"Commission implementing directives","0","0"
"Commission implementing decisions","0","0"
"Total","0","0"
"Total","0"
"Other acts"
"Commission regulations","42","15"
"Commission directives","1","4"
"Commission decisions","42","4"
"European Central Bank regulations","1","1"
"European Central Bank decisions","0","0"
"European Central Bank guidelines****","0","0"
"European Central Bank recommendations","0","0"
"European Central Bank opinions","4","0"
"Total","90","24"
"Total","90"
"Statistics for","2003","10"
"","Adopted acts"
"","Basic","Amending"
"Legislative acts - Ordinary legislative procedure"
"Regulations of the European Parliament and of the Council","1","0"
"Directives of the European Parliament and of the Council","1","0"
"Decisions of the European Parliament and of the Council","2","0"
"Total","4","0"
"Total","4"
"Other legislative acts"
"Council regulations","4","7"
"Council directives","1","2"
"Council decisions","17","3"
"Total","22","12"
"Total","22"
"Non-legislative acts"
"Delegated acts"
"Commission delegated regulations","0","0"
"Commission delegated directives","0","0"
"Commission delegated decisions","0","0"
"Total","0","0"
"Total","0"
"Implementing acts"
"Council implementing regulations","0","0"
"Council implementing decisions","0","0"
"Commission implementing regulations","0","0"
"Commission implementing directives","0","0"
"Commission implementing decisions","0","0"
"Total","0","0"
"Total","0"
"Other acts"
"Commission regulations","32","24"
"Commission directives","3","2"
"Commission decisions","43","12"
"European Central Bank regulations","0","0"
"European Central Bank decisions","0","1"
"European Central Bank guidelines****","1","0"
"European Central Bank recommendations","1","0"
"European Central Bank opinions","2","0"
"Total","82","39"
"Total","82"
"Statistics for","2003","11"
"","Adopted acts"
"","Basic","Amending"
"Legislative acts - Ordinary legislative procedure"
"Regulations of the European Parliament and of the Council","4","1"
"Directives of the European Parliament and of the Council","6","2"
"Decisions of the European Parliament and of the Council","1","1"
"Total","11","4"
"Total","11"
"Other legislative acts"
"Council regulations","4","4"
"Council directives","2","0"
"Council decisions","19","6"
"Total","25","10"
"Total","25"
"Non-legislative acts"
"Delegated acts"
"Commission delegated regulations","0","0"
"Commission delegated directives","0","0"
"Commission delegated decisions","0","0"
"Total","0","0"
"Total","0"
"Implementing acts"
"Council implementing regulations","0","0"
"Council implementing decisions","0","0"
"Commission implementing regulations","0","0"
"Commission implementing directives","0","0"
"Commission implementing decisions","0","0"
"Total","0","0"
"Total","0"
"Other acts"
"Commission regulations","25","21"
"Commission directives","1","2"
"Commission decisions","38","7"
"European Central Bank regulations","0","0"
"European Central Bank decisions","2","0"
"European Central Bank guidelines****","0","0"
"European Central Bank recommendations","0","0"
"European Central Bank opinions","2","0"
"Total","68","30"
"Total","68"
"Statistics for","2003","12"
"","Adopted acts"
"","Basic","Amending"
"Legislative acts - Ordinary legislative procedure"
"Regulations of the European Parliament and of the Council","3","0"
"Directives of the European Parliament and of the Council","0","5"
"Decisions of the European Parliament and of the Council","3","0"
"Total","6","5"
"Total","6"
"Other legislative acts"
"Council regulations","15","11"
"Council directives","1","2"
"Council decisions","26","9"
"Total","42","22"
"Total","42"
"Non-legislative acts"
"Delegated acts"
"Commission delegated regulations","0","0"
"Commission delegated directives","0","0"
"Commission delegated decisions","0","0"
"Total","0","0"
"Total","0"
"Implementing acts"
"Council implementing regulations","0","0"
"Council implementing decisions","0","0"
"Commission implementing regulations","0","0"
"Commission implementing directives","0","0"
"Commission implementing decisions","0","0"
"Total","0","0"
"Total","0"
"Other acts"
"Commission regulations","56","51"
"Commission directives","5","8"
"Commission decisions","82","18"
"European Central Bank regulations","0","0"
"European Central Bank decisions","5","2"
"European Central Bank guidelines****","0","1"
"European Central Bank recommendations","0","0"
"European Central Bank opinions","4","0"
"Total","152","80"
"Total","152"
"Statistics for","2004","1"
"","Adopted acts"
"","Basic","Amending"
"Legislative acts - Ordinary legislative procedure"
"Regulations of the European Parliament and of the Council","0","0"
"Directives of the European Parliament and of the Council","0","0"
"Decisions of the European Parliament and of the Council","0","0"
"Total","0","0"
"Total","0"
"Other legislative acts"
"Council regulations","4","1"
"Council directives","0","1"
"Council decisions","7","0"
"Total","11","2"
"Total","11"
"Non-legislative acts"
"Delegated acts"
"Commission delegated regulations","0","0"
"Commission delegated directives","0","0"
"Commission delegated decisions","0","0"
"Total","0","0"
"Total","0"
"Implementing acts"
"Council implementing regulations","0","0"
"Council implementing decisions","0","0"
"Commission implementing regulations","0","0"
"Commission implementing directives","0","0"
"Commission implementing decisions","0","0"
"Total","0","0"
"Total","0"
"Other acts"
"Commission regulations","22","19"
"Commission directives","1","6"
"Commission decisions","29","16"
"European Central Bank regulations","0","0"
"European Central Bank decisions","0","0"
"European Central Bank guidelines****","0","0"
"European Central Bank recommendations","0","0"
"European Central Bank opinions","2","0"
"Total","54","41"
"Total","54"
"Statistics for","2004","2"
"","Adopted acts"
"","Basic","Amending"
"Legislative acts - Ordinary legislative procedure"
"Regulations of the European Parliament and of the Council","2","0"
"Directives of the European Parliament and of the Council","3","5"
"Decisions of the European Parliament and of the Council","1","0"
"Total","6","5"
"Total","6"
"Other legislative acts"
"Council regulations","9","7"
"Council directives","2","1"
"Council decisions","20","4"
"Total","31","12"
"Total","31"
"Non-legislative acts"
"Delegated acts"
"Commission delegated regulations","0","0"
"Commission delegated directives","0","0"
"Commission delegated decisions","0","0"
"Total","0","0"
"Total","0"
"Implementing acts"
"Council implementing regulations","0","0"
"Council implementing decisions","0","0"
"Commission implementing regulations","0","0"
"Commission implementing directives","0","0"
"Commission implementing decisions","0","0"
"Total","0","0"
"Total","0"
"Other acts"
"Commission regulations","33","28"
"Commission directives","3","1"
"Commission decisions","36","11"
"European Central Bank regulations","0","0"
"European Central Bank decisions","1","0"
"European Central Bank guidelines****","0","1"
"European Central Bank recommendations","0","0"
"European Central Bank opinions","5","0"
"Total","78","41"
"Total","78"
"Statistics for","2004","3"
"","Adopted acts"
"","Basic","Amending"
"Legislative acts - Ordinary legislative procedure"
"Regulations of the European Parliament and of the Council","11","4"
"Directives of the European Parliament and of the Council","4","3"
"Decisions of the European Parliament and of the Council","0","0"
"Total","15","7"
"Total","15"
"Other legislative acts"
"Council regulations","9","9"
"Council directives","0","0"
"Council decisions","14","2"
"Total","23","11"
"Total","23"
"Non-legislative acts"
"Delegated acts"
"Commission delegated regulations","0","0"
"Commission delegated directives","0","0"
"Commission delegated decisions","0","0"
"Total","0","0"
"Total","0"
"Implementing acts"
"Council implementing regulations","0","0"
"Council implementing decisions","0","0"
"Commission implementing regulations","0","0"
"Commission implementing directives","0","0"
"Commission implementing decisions","0","0"
"Total","0","0"
"Total","0"
"Other acts"
"Commission regulations","36","40"
"Commission directives","2","7"
"Commission decisions","70","15"
"European Central Bank regulations","0","0"
"European Central Bank decisions","1","0"
"European Central Bank guidelines****","0","0"
"European Central Bank recommendations","0","0"
"European Central Bank opinions","3","0"
"Total","112","62"
"Total","112"
"Statistics for","2004","4"
"","Adopted acts"
"","Basic","Amending"
"Legislative acts - Ordinary legislative procedure"
"Regulations of the European Parliament and of the Council","15","4"
"Directives of the European Parliament and of the Council","13","3"
"Decisions of the European Parliament and of the Council","6","5"
"Total","34","12"
"Total","34"
"Other legislative acts"
"Council regulations","17","25"
"Council directives","6","3"
"Council decisions","39","13"
"Total","62","41"
"Total","62"
"Non-legislative acts"
"Delegated acts"
"Commission delegated regulations","0","0"
"Commission delegated directives","0","0"
"Commission delegated decisions","0","0"
"Total","0","0"
"Total","0"
"Implementing acts"
"Council implementing regulations","0","0"
"Council implementing decisions","0","0"
"Commission implementing regulations","0","0"
"Commission implementing directives","0","0"
"Commission implementing decisions","0","0"
"Total","0","0"
"Total","0"
"Other acts"
"Commission regulations","45","71"
"Commission directives","2","20"
"Commission decisions","78","40"
"European Central Bank regulations","0","0"
"European Central Bank decisions","5","1"
"European Central Bank guidelines****","0","1"
"European Central Bank recommendations","0","0"
"European Central Bank opinions","5","0"
"Total","135","133"
"Total","135"
"Statistics for","2004","5"
"","Adopted acts"
"","Basic","Amending"
"Legislative acts - Ordinary legislative procedure"
"Regulations of the European Parliament and of the Council","0","0"
"Directives of the European Parliament and of the Council","0","0"
"Decisions of the European Parliament and of the Council","0","0"
"Total","0","0"
"Total","0"
"Other legislative acts"
"Council regulations","2","7"
"Council directives","0","0"
"Council decisions","12","0"
"Total","14","7"
"Total","14"
"Non-legislative acts"
"Delegated acts"
"Commission delegated regulations","0","0"
"Commission delegated directives","0","0"
"Commission delegated decisions","0","0"
"Total","0","0"
"Total","0"
"Implementing acts"
"Council implementing regulations","0","0"
"Council implementing decisions","0","0"
"Commission implementing regulations","0","0"
"Commission implementing directives","0","0"
"Commission implementing decisions","0","0"
"Total","0","0"
"Total","0"
"Other acts"
"Commission regulations","12","5"
"Commission directives","0","0"
"Commission decisions","27","1"
"European Central Bank regulations","0","0"
"European Central Bank decisions","0","0"
"European Central Bank guidelines****","0","0"
"European Central Bank recommendations","0","0"
"European Central Bank opinions","4","0"
"Total","43","6"
"Total","43"
"Statistics for","2004","6"
"","Adopted acts"
"","Basic","Amending"
"Legislative acts - Ordinary legislative procedure"
"Regulations of the European Parliament and of the Council","0","1"
"Directives of the European Parliament and of the Council","0","1"
"Decisions of the European Parliament and of the Council","0","0"
"Total","0","2"
"Total","0"
"Other legislative acts"
"Council regulations","4","1"
"Council directives","0","1"
"Council decisions","25","4"
"Total","29","6"
"Total","29"
"Non-legislative acts"
"Delegated acts"
"Commission delegated regulations","0","0"
"Commission delegated directives","0","0"
"Commission delegated decisions","0","0"
"Total","0","0"
"Total","0"
"Implementing acts"
"Council implementing regulations","0","0"
"Council implementing decisions","0","0"
"Commission implementing regulations","0","0"
"Commission implementing directives","0","0"
"Commission implementing decisions","0","0"
"Total","0","0"
"Total","0"
"Other acts"
"Commission regulations","17","26"
"Commission directives","0","0"
"Commission decisions","38","6"
"European Central Bank regulations","0","0"
"European Central Bank decisions","2","0"
"European Central Bank guidelines****","0","0"
"European Central Bank recommendations","0","0"
"European Central Bank opinions","4","0"
"Total","61","32"
"Total","61"
"Statistics for","2004","7"
"","Adopted acts"
"","Basic","Amending"
"Legislative acts - Ordinary legislative procedure"
"Regulations of the European Parliament and of the Council","0","0"
"Directives of the European Parliament and of the Council","0","0"
"Decisions of the European Parliament and of the Council","0","1"
"Total","0","1"
"Total","0"
"Other legislative acts"
"Council regulations","4","9"
"Council directives","5","0"
"Council decisions","25","4"
"Total","34","13"
"Total","34"
"Non-legislative acts"
"Delegated acts"
"Commission delegated regulations","0","0"
"Commission delegated directives","0","0"
"Commission delegated decisions","0","0"
"Total","0","0"
"Total","0"
"Implementing acts"
"Council implementing regulations","0","0"
"Council implementing decisions","0","0"
"Commission implementing regulations","0","0"
"Commission implementing directives","0","0"
"Commission implementing decisions","0","0"
"Total","0","0"
"Total","0"
"Other acts"
"Commission regulations","21","31"
"Commission directives","0","1"
"Commission decisions","39","11"
"European Central Bank regulations","0","0"
"European Central Bank decisions","0","1"
"European Central Bank guidelines****","2","0"
"European Central Bank recommendations","2","0"
"European Central Bank opinions","3","0"
"Total","67","44"
"Total","67"
"Statistics for","2004","8"
"","Adopted acts"
"","Basic","Amending"
"Legislative acts - Ordinary legislative procedure"
"Regulations of the European Parliament and of the Council","0","0"
"Directives of the European Parliament and of the Council","0","0"
"Decisions of the European Parliament and of the Council","0","0"
"Total","0","0"
"Total","0"
"Other legislative acts"
"Council regulations","1","2"
"Council directives","0","0"
"Council decisions","3","0"
"Total","4","2"
"Total","4"
"Non-legislative acts"
"Delegated acts"
"Commission delegated regulations","0","0"
"Commission delegated directives","0","0"
"Commission delegated decisions","0","0"
"Total","0","0"
"Total","0"
"Implementing acts"
"Council implementing regulations","0","0"
"Council implementing decisions","0","0"
"Commission implementing regulations","0","0"
"Commission implementing directives","0","0"
"Commission implementing decisions","0","0"
"Total","0","0"
"Total","0"
"Other acts"
"Commission regulations","29","46"
"Commission directives","0","0"
"Commission decisions","41","9"
"European Central Bank regulations","0","0"
"European Central Bank decisions","0","0"
"European Central Bank guidelines****","0","0"
"European Central Bank recommendations","0","0"
"European Central Bank opinions","2","0"
"Total","72","55"
"Total","72"
"Statistics for","2004","9"
"","Adopted acts"
"","Basic","Amending"
"Legislative acts - Ordinary legislative procedure"
"Regulations of the European Parliament and of the Council","0","1"
"Directives of the European Parliament and of the Council","0","0"
"Decisions of the European Parliament and of the Council","0","0"
"Total","0","1"
"Total","0"
"Other legislative acts"
"Council regulations","7","3"
"Council directives","0","0"
"Council decisions","14","4"
"Total","21","7"
"Total","21"
"Non-legislative acts"
"Delegated acts"
"Commission delegated regulations","0","0"
"Commission delegated directives","0","0"
"Commission delegated decisions","0","0"
"Total","0","0"
"Total","0"
"Implementing acts"
"Council implementing regulations","0","0"
"Council implementing decisions","0","0"
"Commission implementing regulations","0","0"
"Commission implementing directives","0","0"
"Commission implementing decisions","0","0"
"Total","0","0"
"Total","0"
"Other acts"
"Commission regulations","29","13"
"Commission directives","0","9"
"Commission decisions","41","7"
"European Central Bank regulations","0","0"
"European Central Bank decisions","0","0"
"European Central Bank guidelines****","1","0"
"European Central Bank recommendations","0","0"
"European Central Bank opinions","3","0"
"Total","74","29"
"Total","74"
"Statistics for","2004","10"
"","Adopted acts"
"","Basic","Amending"
"Legislative acts - Ordinary legislative procedure"
"Regulations of the European Parliament and of the Council","2","1"
"Directives of the European Parliament and of the Council","0","1"
"Decisions of the European Parliament and of the Council","0","0"
"Total","2","2"
"Total","2"
"Other legislative acts"
"Council regulations","9","9"
"Council directives","0","0"
"Council decisions","21","3"
"Total","30","12"
"Total","30"
"Non-legislative acts"
"Delegated acts"
"Commission delegated regulations","0","0"
"Commission delegated directives","0","0"
"Commission delegated decisions","0","0"
"Total","0","0"
"Total","0"
"Implementing acts"
"Council implementing regulations","0","0"
"Council implementing decisions","0","0"
"Commission implementing regulations","0","0"
"Commission implementing directives","0","0"
"Commission implementing decisions","0","0"
"Total","0","0"
"Total","0"
"Other acts"
"Commission regulations","36","61"
"Commission directives","2","3"
"Commission decisions","52","5"
"European Central Bank regulations","0","0"
"European Central Bank decisions","0","0"
"European Central Bank guidelines****","0","0"
"European Central Bank recommendations","0","0"
"European Central Bank opinions","1","0"
"Total","91","69"
"Total","91"
"Statistics for","2004","11"
"","Adopted acts"
"","Basic","Amending"
"Legislative acts - Ordinary legislative procedure"
"Regulations of the European Parliament and of the Council","0","0"
"Directives of the European Parliament and of the Council","0","0"
"Decisions of the European Parliament and of the Council","0","1"
"Total","0","1"
"Total","0"
"Other legislative acts"
"Council regulations","11","5"
"Council directives","0","0"
"Council decisions","35","5"
"Total","46","10"
"Total","46"
"Non-legislative acts"
"Delegated acts"
"Commission delegated regulations","0","0"
"Commission delegated directives","0","0"
"Commission delegated decisions","0","0"
"Total","0","0"
"Total","0"
"Implementing acts"
"Council implementing regulations","0","0"
"Council implementing decisions","0","0"
"Commission implementing regulations","0","0"
"Commission implementing directives","0","0"
"Commission implementing decisions","0","0"
"Total","0","0"
"Total","0"
"Other acts"
"Commission regulations","20","19"
"Commission directives","0","0"
"Commission decisions","32","5"
"European Central Bank regulations","0","0"
"European Central Bank decisions","0","0"
"European Central Bank guidelines****","0","0"
"European Central Bank recommendations","0","0"
"European Central Bank opinions","4","0"
"Total","56","24"
"Total","56"
"Statistics for","2004","12"
"","Adopted acts"
"","Basic","Amending"
"Legislative acts - Ordinary legislative procedure"
"Regulations of the European Parliament and of the Council","0","1"
"Directives of the European Parliament and of the Council","3","0"
"Decisions of the European Parliament and of the Council","1","0"
"Total","4","1"
"Total","4"
"Other legislative acts"
"Council regulations","16","13"
"Council directives","2","1"
"Council decisions","31","14"
"Total","49","28"
"Total","49"
"Non-legislative acts"
"Delegated acts"
"Commission delegated regulations","0","0"
"Commission delegated directives","0","0"
"Commission delegated decisions","0","0"
"Total","0","0"
"Total","0"
"Implementing acts"
"Council implementing regulations","0","0"
"Council implementing decisions","0","0"
"Commission implementing regulations","0","0"
"Commission implementing directives","0","0"
"Commission implementing decisions","0","0"
"Total","0","0"
"Total","0"
"Other acts"
"Commission regulations","41","50"
"Commission directives","0","5"
"Commission decisions","67","18"
"European Central Bank regulations","0","1"
"European Central Bank decisions","1","0"
"European Central Bank guidelines****","0","1"
"European Central Bank recommendations","0","0"
"European Central Bank opinions","3","0"
"Total","112","75"
"Total","112"
"Statistics for","2005","1"
"","Adopted acts"
"","Basic","Amending"
"Legislative acts - Ordinary legislative procedure"
"Regulations of the European Parliament and of the Council","2","1"
"Directives of the European Parliament and of the Council","0","0"
"Decisions of the European Parliament and of the Council","0","0"
"Total","2","1"
"Total","2"
"Other legislative acts"
"Council regulations","3","5"
"Council directives","0","0"
"Council decisions","18","4"
"Total","21","9"
"Total","21"
"Non-legislative acts"
"Delegated acts"
"Commission delegated regulations","0","0"
"Commission delegated directives","0","0"
"Commission delegated decisions","0","0"
"Total","0","0"
"Total","0"
"Implementing acts"
"Council implementing regulations","0","0"
"Council implementing decisions","0","0"
"Commission implementing regulations","0","0"
"Commission implementing directives","0","0"
"Commission implementing decisions","0","0"
"Total","0","0"
"Total","0"
"Other acts"
"Commission regulations","22","17"
"Commission directives","0","8"
"Commission decisions","38","15"
"European Central Bank regulations","0","0"
"European Central Bank decisions","0","0"
"European Central Bank guidelines****","1","0"
"European Central Bank recommendations","0","0"
"European Central Bank opinions","0","0"
"Total","61","40"
"Total","61"
"Statistics for","2005","2"
"","Adopted acts"
"","Basic","Amending"
"Legislative acts - Ordinary legislative procedure"
"Regulations of the European Parliament and of the Council","1","0"
"Directives of the European Parliament and of the Council","0","0"
"Decisions of the European Parliament and of the Council","0","0"
"Total","1","0"
"Total","1"
"Other legislative acts"
"Council regulations","1","5"
"Council directives","1","1"
"Council decisions","15","5"
"Total","17","11"
"Total","17"
"Non-legislative acts"
"Delegated acts"
"Commission delegated regulations","0","0"
"Commission delegated directives","0","0"
"Commission delegated decisions","0","0"
"Total","0","0"
"Total","0"
"Implementing acts"
"Council implementing regulations","0","0"
"Council implementing decisions","0","0"
"Commission implementing regulations","0","0"
"Commission implementing directives","0","0"
"Commission implementing decisions","0","0"
"Total","0","0"
"Total","0"
"Other acts"
"Commission regulations","18","30"
"Commission directives","1","3"
"Commission decisions","39","16"
"European Central Bank regulations","0","0"
"European Central Bank decisions","0","0"
"European Central Bank guidelines****","1","2"
"European Central Bank recommendations","1","0"
"European Central Bank opinions","5","0"
"Total","65","51"
"Total","65"
"Statistics for","2005","3"
"","Adopted acts"
"","Basic","Amending"
"Legislative acts - Ordinary legislative procedure"
"Regulations of the European Parliament and of the Council","0","0"
"Directives of the European Parliament and of the Council","0","2"
"Decisions of the European Parliament and of the Council","1","0"
"Total","1","2"
"Total","1"
"Other legislative acts"
"Council regulations","3","2"
"Council directives","1","1"
"Council decisions","11","3"
"Total","15","6"
"Total","15"
"Non-legislative acts"
"Delegated acts"
"Commission delegated regulations","0","0"
"Commission delegated directives","0","0"
"Commission delegated decisions","0","0"
"Total","0","0"
"Total","0"
"Implementing acts"
"Council implementing regulations","0","0"
"Council implementing decisions","0","0"
"Commission implementing regulations","0","0"
"Commission implementing directives","0","0"
"Commission implementing decisions","0","0"
"Total","0","0"
"Total","0"
"Other acts"
"Commission regulations","21","16"
"Commission directives","2","5"
"Commission decisions","54","21"
"European Central Bank regulations","0","0"
"European Central Bank decisions","0","0"
"European Central Bank guidelines****","0","1"
"European Central Bank recommendations","0","0"
"European Central Bank opinions","2","0"
"Total","79","43"
"Total","79"
"Statistics for","2005","4"
"","Adopted acts"
"","Basic","Amending"
"Legislative acts - Ordinary legislative procedure"
"Regulations of the European Parliament and of the Council","0","2"
"Directives of the European Parliament and of the Council","0","0"
"Decisions of the European Parliament and of the Council","0","1"
"Total","0","3"
"Total","0"
"Other legislative acts"
"Council regulations","4","4"
"Council directives","0","0"
"Council decisions","9","2"
"Total","13","6"
"Total","13"
"Non-legislative acts"
"Delegated acts"
"Commission delegated regulations","0","0"
"Commission delegated directives","0","0"
"Commission delegated decisions","0","0"
"Total","0","0"
"Total","0"
"Implementing acts"
"Council implementing regulations","0","0"
"Council implementing decisions","0","0"
"Commission implementing regulations","0","0"
"Commission implementing directives","0","0"
"Commission implementing decisions","0","0"
"Total","0","0"
"Total","0"
"Other acts"
"Commission regulations","22","22"
"Commission directives","1","2"
"Commission decisions","48","4"
"European Central Bank regulations","0","0"
"European Central Bank decisions","0","0"
"European Central Bank guidelines****","0","0"
"European Central Bank recommendations","2","0"
"European Central Bank opinions","3","0"
"Total","76","28"
"Total","76"
"Statistics for","2005","5"
"","Adopted acts"
"","Basic","Amending"
"Legislative acts - Ordinary legislative procedure"
"Regulations of the European Parliament and of the Council","0","0"
"Directives of the European Parliament and of the Council","1","1"
"Decisions of the European Parliament and of the Council","1","0"
"Total","2","1"
"Total","2"
"Other legislative acts"
"Council regulations","4","5"
"Council directives","0","0"
"Council decisions","7","3"
"Total","11","8"
"Total","11"
"Non-legislative acts"
"Delegated acts"
"Commission delegated regulations","0","0"
"Commission delegated directives","0","0"
"Commission delegated decisions","0","0"
"Total","0","0"
"Total","0"
"Implementing acts"
"Council implementing regulations","0","0"
"Council implementing decisions","0","0"
"Commission implementing regulations","0","0"
"Commission implementing directives","0","0"
"Commission implementing decisions","0","0"
"Total","0","0"
"Total","0"
"Other acts"
"Commission regulations","14","29"
"Commission directives","0","1"
"Commission decisions","34","13"
"European Central Bank regulations","0","0"
"European Central Bank decisions","0","0"
"European Central Bank guidelines****","0","0"
"European Central Bank recommendations","1","0"
"European Central Bank opinions","6","0"
"Total","55","43"
"Total","55"
"Statistics for","2005","6"
"","Adopted acts"
"","Basic","Amending"
"Legislative acts - Ordinary legislative procedure"
"Regulations of the European Parliament and of the Council","0","1"
"Directives of the European Parliament and of the Council","0","0"
"Decisions of the European Parliament and of the Council","0","0"
"Total","0","1"
"Total","0"
"Other legislative acts"
"Council regulations","7","10"
"Council directives","0","0"
"Council decisions","26","4"
"Total","33","14"
"Total","33"
"Non-legislative acts"
"Delegated acts"
"Commission delegated regulations","0","0"
"Commission delegated directives","0","0"
"Commission delegated decisions","0","0"
"Total","0","0"
"Total","0"
"Implementing acts"
"Council implementing regulations","0","0"
"Council implementing decisions","0","0"
"Commission implementing regulations","0","0"
"Commission implementing directives","0","0"
"Commission implementing decisions","0","0"
"Total","0","0"
"Total","0"
"Other acts"
"Commission regulations","16","26"
"Commission directives","1","3"
"Commission decisions","57","10"
"European Central Bank regulations","0","0"
"European Central Bank decisions","0","0"
"European Central Bank guidelines****","0","0"
"European Central Bank recommendations","0","0"
"European Central Bank opinions","6","0"
"Total","80","39"
"Total","80"
"Statistics for","2005","7"
"","Adopted acts"
"","Basic","Amending"
"Legislative acts - Ordinary legislative procedure"
"Regulations of the European Parliament and of the Council","1","3"
"Directives of the European Parliament and of the Council","1","1"
"Decisions of the European Parliament and of the Council","0","0"
"Total","2","4"
"Total","2"
"Other legislative acts"
"Council regulations","10","2"
"Council directives","1","0"
"Council decisions","18","3"
"Total","29","5"
"Total","29"
"Non-legislative acts"
"Delegated acts"
"Commission delegated regulations","0","0"
"Commission delegated directives","0","0"
"Commission delegated decisions","0","0"
"Total","0","0"
"Total","0"
"Implementing acts"
"Council implementing regulations","0","0"
"Council implementing decisions","0","0"
"Commission implementing regulations","0","0"
"Commission implementing directives","0","0"
"Commission implementing decisions","0","0"
"Total","0","0"
"Total","0"
"Other acts"
"Commission regulations","32","57"
"Commission directives","0","2"
"Commission decisions","51","12"
"European Central Bank regulations","0","0"
"European Central Bank decisions","0","1"
"European Central Bank guidelines****","0","0"
"European Central Bank recommendations","0","0"
"European Central Bank opinions","2","0"
"Total","85","72"
"Total","85"
"Statistics for","2005","8"
"","Adopted acts"
"","Basic","Amending"
"Legislative acts - Ordinary legislative procedure"
"Regulations of the European Parliament and of the Council","0","0"
"Directives of the European Parliament and of the Council","0","0"
"Decisions of the European Parliament and of the Council","0","0"
"Total","0","0"
"Total","0"
"Other legislative acts"
"Council regulations","3","2"
"Council directives","0","0"
"Council decisions","1","0"
"Total","4","2"
"Total","4"
"Non-legislative acts"
"Delegated acts"
"Commission delegated regulations","0","0"
"Commission delegated directives","0","0"
"Commission delegated decisions","0","0"
"Total","0","0"
"Total","0"
"Implementing acts"
"Council implementing regulations","0","0"
"Council implementing decisions","0","0"
"Commission implementing regulations","0","0"
"Commission implementing directives","0","0"
"Commission implementing decisions","0","0"
"Total","0","0"
"Total","0"
"Other acts"
"Commission regulations","32","44"
"Commission directives","1","1"
"Commission decisions","42","11"
"European Central Bank regulations","0","0"
"European Central Bank decisions","0","0"
"European Central Bank guidelines****","0","0"
"European Central Bank recommendations","0","0"
"European Central Bank opinions","7","0"
"Total","82","56"
"Total","82"
"Statistics for","2005","9"
"","Adopted acts"
"","Basic","Amending"
"Legislative acts - Ordinary legislative procedure"
"Regulations of the European Parliament and of the Council","2","1"
"Directives of the European Parliament and of the Council","5","3"
"Decisions of the European Parliament and of the Council","0","2"
"Total","7","6"
"Total","7"
"Other legislative acts"
"Council regulations","3","3"
"Council directives","0","0"
"Council decisions","17","1"
"Total","20","4"
"Total","20"
"Non-legislative acts"
"Delegated acts"
"Commission delegated regulations","0","0"
"Commission delegated directives","0","0"
"Commission delegated decisions","0","0"
"Total","0","0"
"Total","0"
"Implementing acts"
"Council implementing regulations","0","0"
"Council implementing decisions","0","0"
"Commission implementing regulations","0","0"
"Commission implementing directives","0","0"
"Commission implementing decisions","0","0"
"Total","0","0"
"Total","0"
"Other acts"
"Commission regulations","19","32"
"Commission directives","2","6"
"Commission decisions","39","9"
"European Central Bank regulations","0","0"
"European Central Bank decisions","0","0"
"European Central Bank guidelines****","0","0"
"European Central Bank recommendations","0","0"
"European Central Bank opinions","1","0"
"Total","61","47"
"Total","61"
"Statistics for","2005","10"
"","Adopted acts"
"","Basic","Amending"
"Legislative acts - Ordinary legislative procedure"
"Regulations of the European Parliament and of the Council","1","1"
"Directives of the European Parliament and of the Council","5","1"
"Decisions of the European Parliament and of the Council","0","0"
"Total","6","2"
"Total","6"
"Other legislative acts"
"Council regulations","6","2"
"Council directives","1","0"
"Council decisions","8","7"
"Total","15","9"
"Total","15"
"Non-legislative acts"
"Delegated acts"
"Commission delegated regulations","0","0"
"Commission delegated directives","0","0"
"Commission delegated decisions","0","0"
"Total","0","0"
"Total","0"
"Implementing acts"
"Council implementing regulations","0","0"
"Council implementing decisions","0","0"
"Commission implementing regulations","0","0"
"Commission implementing directives","0","0"
"Commission implementing decisions","0","0"
"Total","0","0"
"Total","0"
"Other acts"
"Commission regulations","21","43"
"Commission directives","0","5"
"Commission decisions","50","16"
"European Central Bank regulations","0","0"
"European Central Bank decisions","0","0"
"European Central Bank guidelines****","0","0"
"European Central Bank recommendations","1","0"
"European Central Bank opinions","8","0"
"Total","80","64"
"Total","80"
"Statistics for","2005","11"
"","Adopted acts"
"","Basic","Amending"
"Legislative acts - Ordinary legislative procedure"
"Regulations of the European Parliament and of the Council","0","0"
"Directives of the European Parliament and of the Council","1","2"
"Decisions of the European Parliament and of the Council","0","0"
"Total","1","2"
"Total","1"
"Other legislative acts"
"Council regulations","8","8"
"Council directives","0","0"
"Council decisions","30","4"
"Total","38","12"
"Total","38"
"Non-legislative acts"
"Delegated acts"
"Commission delegated regulations","0","0"
"Commission delegated directives","0","0"
"Commission delegated decisions","0","0"
"Total","0","0"
"Total","0"
"Implementing acts"
"Council implementing regulations","0","0"
"Council implementing decisions","0","0"
"Commission implementing regulations","0","0"
"Commission implementing directives","0","0"
"Commission implementing decisions","0","0"
"Total","0","0"
"Total","0"
"Other acts"
"Commission regulations","18","37"
"Commission directives","1","6"
"Commission decisions","44","18"
"European Central Bank regulations","0","0"
"European Central Bank decisions","1","0"
"European Central Bank guidelines****","0","1"
"European Central Bank recommendations","0","0"
"European Central Bank opinions","9","0"
"Total","73","62"
"Total","73"
"Statistics for","2005","12"
"","Adopted acts"
"","Basic","Amending"
"Legislative acts - Ordinary legislative procedure"
"Regulations of the European Parliament and of the Council","3","0"
"Directives of the European Parliament and of the Council","0","3"
"Decisions of the European Parliament and of the Council","0","1"
"Total","3","4"
"Total","3"
"Other legislative acts"
"Council regulations","11","7"
"Council directives","2","2"
"Council decisions","23","8"
"Total","36","17"
"Total","36"
"Non-legislative acts"
"Delegated acts"
"Commission delegated regulations","0","0"
"Commission delegated directives","0","0"
"Commission delegated decisions","0","0"
"Total","0","0"
"Total","0"
"Implementing acts"
"Council implementing regulations","0","0"
"Council implementing decisions","0","0"
"Commission implementing regulations","0","0"
"Commission implementing directives","0","0"
"Commission implementing decisions","0","0"
"Total","0","0"
"Total","0"
"Other acts"
"Commission regulations","48","54"
"Commission directives","0","3"
"Commission decisions","71","14"
"European Central Bank regulations","0","0"
"European Central Bank decisions","1","0"
"European Central Bank guidelines****","1","2"
"European Central Bank recommendations","0","0"
"European Central Bank opinions","12","0"
"Total","133","73"
"Total","133"
"Statistics for","2006","1"
"","Adopted acts"
"","Basic","Amending"
"Legislative acts - Ordinary legislative procedure"
"Regulations of the European Parliament and of the Council","1","0"
"Directives of the European Parliament and of the Council","2","1"
"Decisions of the European Parliament and of the Council","1","0"
"Total","4","1"
"Total","4"
"Other legislative acts"
"Council regulations","5","10"
"Council directives","0","0"
"Council decisions","15","4"
"Total","20","14"
"Total","20"
"Non-legislative acts"
"Delegated acts"
"Commission delegated regulations","0","0"
"Commission delegated directives","0","0"
"Commission delegated decisions","0","0"
"Total","0","0"
"Total","0"
"Implementing acts"
"Council implementing regulations","0","0"
"Council implementing decisions","0","0"
"Commission implementing regulations","0","0"
"Commission implementing directives","0","0"
"Commission implementing decisions","0","0"
"Total","0","0"
"Total","0"
"Other acts"
"Commission regulations","14","30"
"Commission directives","0","8"
"Commission decisions","47","13"
"European Central Bank regulations","0","0"
"European Central Bank decisions","0","0"
"European Central Bank guidelines****","0","0"
"European Central Bank recommendations","0","0"
"European Central Bank opinions","4","0"
"Total","65","51"
"Total","65"
"Statistics for","2006","2"
"","Adopted acts"
"","Basic","Amending"
"Legislative acts - Ordinary legislative procedure"
"Regulations of the European Parliament and of the Council","2","0"
"Directives of the European Parliament and of the Council","2","0"
"Decisions of the European Parliament and of the Council","0","0"
"Total","4","0"
"Total","4"
"Other legislative acts"
"Council regulations","9","6"
"Council directives","0","1"
"Council decisions","19","5"
"Total","28","12"
"Total","28"
"Non-legislative acts"
"Delegated acts"
"Commission delegated regulations","0","0"
"Commission delegated directives","0","0"
"Commission delegated decisions","0","0"
"Total","0","0"
"Total","0"
"Implementing acts"
"Council implementing regulations","0","0"
"Council implementing decisions","0","0"
"Commission implementing regulations","0","0"
"Commission implementing directives","0","0"
"Commission implementing decisions","0","0"
"Total","0","0"
"Total","0"
"Other acts"
"Commission regulations","22","42"
"Commission directives","2","5"
"Commission decisions","63","16"
"European Central Bank regulations","0","0"
"European Central Bank decisions","0","0"
"European Central Bank guidelines****","0","1"
"European Central Bank recommendations","1","0"
"European Central Bank opinions","9","0"
"Total","97","64"
"Total","97"
"Statistics for","2006","3"
"","Adopted acts"
"","Basic","Amending"
"Legislative acts - Ordinary legislative procedure"
"Regulations of the European Parliament and of the Council","2","0"
"Directives of the European Parliament and of the Council","3","0"
"Decisions of the European Parliament and of the Council","0","0"
"Total","5","0"
"Total","5"
"Other legislative acts"
"Council regulations","3","6"
"Council directives","0","0"
"Council decisions","12","4"
"Total","15","10"
"Total","15"
"Non-legislative acts"
"Delegated acts"
"Commission delegated regulations","0","0"
"Commission delegated directives","0","0"
"Commission delegated decisions","0","0"
"Total","0","0"
"Total","0"
"Implementing acts"
"Council implementing regulations","0","0"
"Council implementing decisions","0","0"
"Commission implementing regulations","0","0"
"Commission implementing directives","0","0"
"Commission implementing decisions","0","0"
"Total","0","0"
"Total","0"
"Other acts"
"Commission regulations","30","26"
"Commission directives","0","10"
"Commission decisions","64","13"
"European Central Bank regulations","0","0"
"European Central Bank decisions","0","1"
"European Central Bank guidelines****","0","0"
"European Central Bank recommendations","0","0"
"European Central Bank opinions","5","0"
"Total","99","50"
"Total","99"
"Statistics for","2006","4"
"","Adopted acts"
"","Basic","Amending"
"Legislative acts - Ordinary legislative procedure"
"Regulations of the European Parliament and of the Council","0","1"
"Directives of the European Parliament and of the Council","4","1"
"Decisions of the European Parliament and of the Council","0","0"
"Total","4","2"
"Total","4"
"Other legislative acts"
"Council regulations","5","3"
"Council directives","0","1"
"Council decisions","12","0"
"Total","17","4"
"Total","17"
"Non-legislative acts"
"Delegated acts"
"Commission delegated regulations","0","0"
"Commission delegated directives","0","0"
"Commission delegated decisions","0","0"
"Total","0","0"
"Total","0"
"Implementing acts"
"Council implementing regulations","0","0"
"Council implementing decisions","0","0"
"Commission implementing regulations","0","0"
"Commission implementing directives","0","0"
"Commission implementing decisions","0","0"
"Total","0","0"
"Total","0"
"Other acts"
"Commission regulations","15","20"
"Commission directives","0","0"
"Commission decisions","41","22"
"European Central Bank regulations","0","0"
"European Central Bank decisions","0","0"
"European Central Bank guidelines****","1","1"
"European Central Bank recommendations","1","0"
"European Central Bank opinions","4","0"
"Total","62","43"
"Total","62"
"Statistics for","2006","5"
"","Adopted acts"
"","Basic","Amending"
"Legislative acts - Ordinary legislative procedure"
"Regulations of the European Parliament and of the Council","2","0"
"Directives of the European Parliament and of the Council","3","1"
"Decisions of the European Parliament and of the Council","1","0"
"Total","6","1"
"Total","6"
"Other legislative acts"
"Council regulations","9","4"
"Council directives","0","0"
"Council decisions","16","1"
"Total","25","5"
"Total","25"
"Non-legislative acts"
"Delegated acts"
"Commission delegated regulations","0","0"
"Commission delegated directives","0","0"
"Commission delegated decisions","0","0"
"Total","0","0"
"Total","0"
"Implementing acts"
"Council implementing regulations","0","0"
"Council implementing decisions","0","0"
"Commission implementing regulations","0","0"
"Commission implementing directives","0","0"
"Commission implementing decisions","0","0"
"Total","0","0"
"Total","0"
"Other acts"
"Commission regulations","14","29"
"Commission directives","1","2"
"Commission decisions","41","11"
"European Central Bank regulations","0","0"
"European Central Bank decisions","0","1"
"European Central Bank guidelines****","0","0"
"European Central Bank recommendations","0","0"
"European Central Bank opinions","4","0"
"Total","60","43"
"Total","60"
"Statistics for","2006","6"
"","Adopted acts"
"","Basic","Amending"
"Legislative acts - Ordinary legislative procedure"
"Regulations of the European Parliament and of the Council","1","0"
"Directives of the European Parliament and of the Council","2","1"
"Decisions of the European Parliament and of the Council","2","0"
"Total","5","1"
"Total","5"
"Other legislative acts"
"Council regulations","5","9"
"Council directives","1","1"
"Council decisions","17","5"
"Total","23","15"
"Total","23"
"Non-legislative acts"
"Delegated acts"
"Commission delegated regulations","0","0"
"Commission delegated directives","0","0"
"Commission delegated decisions","0","0"
"Total","0","0"
"Total","0"
"Implementing acts"
"Council implementing regulations","0","0"
"Council implementing decisions","0","0"
"Commission implementing regulations","0","0"
"Commission implementing directives","0","0"
"Commission implementing decisions","0","0"
"Total","0","0"
"Total","0"
"Other acts"
"Commission regulations","28","39"
"Commission directives","0","5"
"Commission decisions","49","10"
"European Central Bank regulations","1","0"
"European Central Bank decisions","0","0"
"European Central Bank guidelines****","0","0"
"European Central Bank recommendations","0","0"
"European Central Bank opinions","7","0"
"Total","85","54"
"Total","85"
"Statistics for","2006","7"
"","Adopted acts"
"","Basic","Amending"
"Legislative acts - Ordinary legislative procedure"
"Regulations of the European Parliament and of the Council","4","0"
"Directives of the European Parliament and of the Council","1","1"
"Decisions of the European Parliament and of the Council","0","0"
"Total","5","1"
"Total","5"
"Other legislative acts"
"Council regulations","10","3"
"Council directives","1","1"
"Council decisions","24","6"
"Total","35","10"
"Total","35"
"Non-legislative acts"
"Delegated acts"
"Commission delegated regulations","0","0"
"Commission delegated directives","0","0"
"Commission delegated decisions","0","0"
"Total","0","0"
"Total","0"
"Implementing acts"
"Council implementing regulations","0","0"
"Council implementing decisions","0","0"
"Commission implementing regulations","0","0"
"Commission implementing directives","0","0"
"Commission implementing decisions","0","0"
"Total","0","0"
"Total","0"
"Other acts"
"Commission regulations","22","20"
"Commission directives","1","6"
"Commission decisions","56","9"
"European Central Bank regulations","0","0"
"European Central Bank decisions","0","0"
"European Central Bank guidelines****","2","0"
"European Central Bank recommendations","0","0"
"European Central Bank opinions","5","0"
"Total","86","35"
"Total","86"
"Statistics for","2006","8"
"","Adopted acts"
"","Basic","Amending"
"Legislative acts - Ordinary legislative procedure"
"Regulations of the European Parliament and of the Council","0","0"
"Directives of the European Parliament and of the Council","0","0"
"Decisions of the European Parliament and of the Council","0","0"
"Total","0","0"
"Total","0"
"Other legislative acts"
"Council regulations","2","1"
"Council directives","0","0"
"Council decisions","2","0"
"Total","4","1"
"Total","4"
"Non-legislative acts"
"Delegated acts"
"Commission delegated regulations","0","0"
"Commission delegated directives","0","0"
"Commission delegated decisions","0","0"
"Total","0","0"
"Total","0"
"Implementing acts"
"Council implementing regulations","0","0"
"Council implementing decisions","0","0"
"Commission implementing regulations","0","0"
"Commission implementing directives","0","0"
"Commission implementing decisions","0","0"
"Total","0","0"
"Total","0"
"Other acts"
"Commission regulations","22","33"
"Commission directives","2","2"
"Commission decisions","52","13"
"European Central Bank regulations","0","0"
"European Central Bank decisions","0","0"
"European Central Bank guidelines****","0","2"
"European Central Bank recommendations","0","0"
"European Central Bank opinions","8","0"
"Total","84","50"
"Total","84"
"Statistics for","2006","9"
"","Adopted acts"
"","Basic","Amending"
"Legislative acts - Ordinary legislative procedure"
"Regulations of the European Parliament and of the Council","2","1"
"Directives of the European Parliament and of the Council","2","1"
"Decisions of the European Parliament and of the Council","1","0"
"Total","5","2"
"Total","5"
"Other legislative acts"
"Council regulations","4","5"
"Council directives","0","0"
"Council decisions","16","0"
"Total","20","5"
"Total","20"
"Non-legislative acts"
"Delegated acts"
"Commission delegated regulations","0","0"
"Commission delegated directives","0","0"
"Commission delegated decisions","0","0"
"Total","0","0"
"Total","0"
"Implementing acts"
"Council implementing regulations","0","0"
"Council implementing decisions","0","0"
"Commission implementing regulations","0","0"
"Commission implementing directives","0","0"
"Commission implementing decisions","0","0"
"Total","0","0"
"Total","0"
"Other acts"
"Commission regulations","25","17"
"Commission directives","0","4"
"Commission decisions","64","8"
"European Central Bank regulations","0","0"
"European Central Bank decisions","0","0"
"European Central Bank guidelines****","0","0"
"European Central Bank recommendations","0","0"
"European Central Bank opinions","2","0"
"Total","91","29"
"Total","91"
"Statistics for","2006","10"
"","Adopted acts"
"","Basic","Amending"
"Legislative acts - Ordinary legislative procedure"
"Regulations of the European Parliament and of the Council","2","0"
"Directives of the European Parliament and of the Council","0","0"
"Decisions of the European Parliament and of the Council","4","0"
"Total","6","0"
"Total","6"
"Other legislative acts"
"Council regulations","12","4"
"Council directives","2","0"
"Council decisions","9","3"
"Total","23","7"
"Total","23"
"Non-legislative acts"
"Delegated acts"
"Commission delegated regulations","0","0"
"Commission delegated directives","0","0"
"Commission delegated decisions","0","0"
"Total","0","0"
"Total","0"
"Implementing acts"
"Council implementing regulations","0","0"
"Council implementing decisions","0","0"
"Commission implementing regulations","0","0"
"Commission implementing directives","0","0"
"Commission implementing decisions","0","0"
"Total","0","0"
"Total","0"
"Other acts"
"Commission regulations","28","31"
"Commission directives","1","6"
"Commission decisions","51","14"
"European Central Bank regulations","0","0"
"European Central Bank decisions","0","0"
"European Central Bank guidelines****","0","0"
"European Central Bank recommendations","2","0"
"European Central Bank opinions","2","0"
"Total","84","51"
"Total","84"
"Statistics for","2006","11"
"","Adopted acts"
"","Basic","Amending"
"Legislative acts - Ordinary legislative procedure"
"Regulations of the European Parliament and of the Council","2","0"
"Directives of the European Parliament and of the Council","0","0"
"Decisions of the European Parliament and of the Council","3","0"
"Total","5","0"
"Total","5"
"Other legislative acts"
"Council regulations","8","9"
"Council directives","3","15"
"Council decisions","22","5"
"Total","33","29"
"Total","33"
"Non-legislative acts"
"Delegated acts"
"Commission delegated regulations","0","0"
"Commission delegated directives","0","0"
"Commission delegated decisions","0","0"
"Total","0","0"
"Total","0"
"Implementing acts"
"Council implementing regulations","0","0"
"Council implementing decisions","0","0"
"Commission implementing regulations","0","0"
"Commission implementing directives","0","0"
"Commission implementing decisions","0","0"
"Total","0","0"
"Total","0"
"Other acts"
"Commission regulations","28","23"
"Commission directives","1","5"
"Commission decisions","61","8"
"European Central Bank regulations","1","0"
"European Central Bank decisions","2","0"
"European Central Bank guidelines****","1","0"
"European Central Bank recommendations","1","0"
"European Central Bank opinions","3","0"
"Total","98","36"
"Total","98"
"Statistics for","2006","12"
"","Adopted acts"
"","Basic","Amending"
"Legislative acts - Ordinary legislative procedure"
"Regulations of the European Parliament and of the Council","17","7"
"Directives of the European Parliament and of the Council","11","3"
"Decisions of the European Parliament and of the Council","6","0"
"Total","34","10"
"Total","34"
"Other legislative acts"
"Council regulations","18","20"
"Council directives","0","1"
"Council decisions","28","8"
"Total","46","29"
"Total","46"
"Non-legislative acts"
"Delegated acts"
"Commission delegated regulations","0","0"
"Commission delegated directives","0","0"
"Commission delegated decisions","0","0"
"Total","0","0"
"Total","0"
"Implementing acts"
"Council implementing regulations","0","0"
"Council implementing decisions","0","0"
"Commission implementing regulations","0","0"
"Commission implementing directives","0","0"
"Commission implementing decisions","0","0"
"Total","0","0"
"Total","0"
"Other acts"
"Commission regulations","58","66"
"Commission directives","3","13"
"Commission decisions","105","22"
"European Central Bank regulations","0","1"
"European Central Bank decisions","6","1"
"European Central Bank guidelines****","1","1"
"European Central Bank recommendations","1","0"
"European Central Bank opinions","9","0"
"Total","183","104"
"Total","183"
"Statistics for","2007","1"
"","Adopted acts"
"","Basic","Amending"
"Legislative acts - Ordinary legislative procedure"
"Regulations of the European Parliament and of the Council","0","0"
"Directives of the European Parliament and of the Council","0","0"
"Decisions of the European Parliament and of the Council","0","0"
"Total","0","0"
"Total","0"
"Other legislative acts"
"Council regulations","1","2"
"Council directives","0","0"
"Council decisions","16","5"
"Total","17","7"
"Total","17"
"Non-legislative acts"
"Delegated acts"
"Commission delegated regulations","0","0"
"Commission delegated directives","0","0"
"Commission delegated decisions","0","0"
"Total","0","0"
"Total","0"
"Implementing acts"
"Council implementing regulations","0","0"
"Council implementing decisions","0","0"
"Commission implementing regulations","0","0"
"Commission implementing directives","0","0"
"Commission implementing decisions","0","0"
"Total","0","0"
"Total","0"
"Other acts"
"Commission regulations","2","9"
"Commission directives","0","1"
"Commission decisions","19","1"
"European Central Bank regulations","0","0"
"European Central Bank decisions","0","0"
"European Central Bank guidelines****","0","0"
"European Central Bank recommendations","0","0"
"European Central Bank opinions","2","0"
"Total","23","11"
"Total","23"
"Statistics for","2007","2"
"","Adopted acts"
"","Basic","Amending"
"Legislative acts - Ordinary legislative procedure"
"Regulations of the European Parliament and of the Council","0","1"
"Directives of the European Parliament and of the Council","0","0"
"Decisions of the European Parliament and of the Council","0","0"
"Total","0","1"
"Total","0"
"Other legislative acts"
"Council regulations","5","2"
"Council directives","0","0"
"Council decisions","15","5"
"Total","20","7"
"Total","20"
"Non-legislative acts"
"Delegated acts"
"Commission delegated regulations","0","0"
"Commission delegated directives","0","0"
"Commission delegated decisions","0","0"
"Total","0","0"
"Total","0"
"Implementing acts"
"Council implementing regulations","0","0"
"Council implementing decisions","0","0"
"Commission implementing regulations","0","0"
"Commission implementing directives","0","0"
"Commission implementing decisions","0","0"
"Total","0","0"
"Total","0"
"Other acts"
"Commission regulations","20","31"
"Commission directives","0","10"
"Commission decisions","53","18"
"European Central Bank regulations","0","0"
"European Central Bank decisions","0","0"
"European Central Bank guidelines****","0","0"
"European Central Bank recommendations","0","0"
"European Central Bank opinions","3","0"
"Total","76","59"
"Total","76"
"Statistics for","2007","3"
"","Adopted acts"
"","Basic","Amending"
"Legislative acts - Ordinary legislative procedure"
"Regulations of the European Parliament and of the Council","0","0"
"Directives of the European Parliament and of the Council","1","0"
"Decisions of the European Parliament and of the Council","0","0"
"Total","1","0"
"Total","1"
"Other legislative acts"
"Council regulations","6","3"
"Council directives","0","0"
"Council decisions","15","2"
"Total","21","5"
"Total","21"
"Non-legislative acts"
"Delegated acts"
"Commission delegated regulations","0","0"
"Commission delegated directives","0","0"
"Commission delegated decisions","0","0"
"Total","0","0"
"Total","0"
"Implementing acts"
"Council implementing regulations","0","0"
"Council implementing decisions","0","0"
"Commission implementing regulations","0","0"
"Commission implementing directives","0","0"
"Commission implementing decisions","0","0"
"Total","0","0"
"Total","0"
"Other acts"
"Commission regulations","28","25"
"Commission directives","2","5"
"Commission decisions","55","18"
"European Central Bank regulations","0","0"
"European Central Bank decisions","0","0"
"European Central Bank guidelines****","0","0"
"European Central Bank recommendations","0","0"
"European Central Bank opinions","3","0"
"Total","88","48"
"Total","88"
"Statistics for","2007","4"
"","Adopted acts"
"","Basic","Amending"
"Legislative acts - Ordinary legislative procedure"
"Regulations of the European Parliament and of the Council","1","1"
"Directives of the European Parliament and of the Council","0","0"
"Decisions of the European Parliament and of the Council","0","0"
"Total","1","1"
"Total","1"
"Other legislative acts"
"Council regulations","8","0"
"Council directives","0","0"
"Council decisions","17","2"
"Total","25","2"
"Total","25"
"Non-legislative acts"
"Delegated acts"
"Commission delegated regulations","0","0"
"Commission delegated directives","0","0"
"Commission delegated decisions","0","0"
"Total","0","0"
"Total","0"
"Implementing acts"
"Council implementing regulations","0","0"
"Council implementing decisions","0","0"
"Commission implementing regulations","0","0"
"Commission implementing directives","0","0"
"Commission implementing decisions","0","0"
"Total","0","0"
"Total","0"
"Other acts"
"Commission regulations","12","27"
"Commission directives","0","4"
"Commission decisions","66","15"
"European Central Bank regulations","0","0"
"European Central Bank decisions","1","0"
"European Central Bank guidelines****","1","0"
"European Central Bank recommendations","0","0"
"European Central Bank opinions","4","0"
"Total","84","46"
"Total","84"
"Statistics for","2007","5"
"","Adopted acts"
"","Basic","Amending"
"Legislative acts - Ordinary legislative procedure"
"Regulations of the European Parliament and of the Council","1","0"
"Directives of the European Parliament and of the Council","1","1"
"Decisions of the European Parliament and of the Council","4","1"
"Total","6","2"
"Total","6"
"Other legislative acts"
"Council regulations","7","4"
"Council directives","0","0"
"Council decisions","18","0"
"Total","25","4"
"Total","25"
"Non-legislative acts"
"Delegated acts"
"Commission delegated regulations","0","0"
"Commission delegated directives","0","0"
"Commission delegated decisions","0","0"
"Total","0","0"
"Total","0"
"Implementing acts"
"Council implementing regulations","0","0"
"Council implementing decisions","0","0"
"Commission implementing regulations","0","0"
"Commission implementing directives","0","0"
"Commission implementing decisions","0","0"
"Total","0","0"
"Total","0"
"Other acts"
"Commission regulations","22","22"
"Commission directives","0","5"
"Commission decisions","49","11"
"European Central Bank regulations","0","0"
"European Central Bank decisions","0","0"
"European Central Bank guidelines****","0","1"
"European Central Bank recommendations","1","0"
"European Central Bank opinions","2","0"
"Total","74","39"
"Total","74"
"Statistics for","2007","6"
"","Adopted acts"
"","Basic","Amending"
"Legislative acts - Ordinary legislative procedure"
"Regulations of the European Parliament and of the Council","4","0"
"Directives of the European Parliament and of the Council","0","1"
"Decisions of the European Parliament and of the Council","1","1"
"Total","5","2"
"Total","5"
"Other legislative acts"
"Council regulations","9","12"
"Council directives","2","0"
"Council decisions","21","11"
"Total","32","23"
"Total","32"
"Non-legislative acts"
"Delegated acts"
"Commission delegated regulations","0","0"
"Commission delegated directives","0","0"
"Commission delegated decisions","0","0"
"Total","0","0"
"Total","0"
"Implementing acts"
"Council implementing regulations","0","0"
"Council implementing decisions","0","0"
"Commission implementing regulations","0","0"
"Commission implementing directives","0","0"
"Commission implementing decisions","0","0"
"Total","0","0"
"Total","0"
"Other acts"
"Commission regulations","30","29"
"Commission directives","1","7"
"Commission decisions","67","17"
"European Central Bank regulations","0","0"
"European Central Bank decisions","0","0"
"European Central Bank guidelines****","0","0"
"European Central Bank recommendations","0","0"
"European Central Bank opinions","4","0"
"Total","102","53"
"Total","102"
"Statistics for","2007","7"
"","Adopted acts"
"","Basic","Amending"
"Legislative acts - Ordinary legislative procedure"
"Regulations of the European Parliament and of the Council","4","0"
"Directives of the European Parliament and of the Council","2","0"
"Decisions of the European Parliament and of the Council","0","1"
"Total","6","1"
"Total","6"
"Other legislative acts"
"Council regulations","3","11"
"Council directives","0","0"
"Council decisions","19","3"
"Total","22","14"
"Total","22"
"Non-legislative acts"
"Delegated acts"
"Commission delegated regulations","0","0"
"Commission delegated directives","0","0"
"Commission delegated decisions","0","0"
"Total","0","0"
"Total","0"
"Implementing acts"
"Council implementing regulations","0","0"
"Council implementing decisions","0","0"
"Commission implementing regulations","0","0"
"Commission implementing directives","0","0"
"Commission implementing decisions","0","0"
"Total","0","0"
"Total","0"
"Other acts"
"Commission regulations","28","25"
"Commission directives","0","2"
"Commission decisions","58","8"
"European Central Bank regulations","1","0"
"European Central Bank decisions","2","0"
"European Central Bank guidelines****","0","1"
"European Central Bank recommendations","0","0"
"European Central Bank opinions","3","0"
"Total","92","36"
"Total","92"
"Statistics for","2007","8"
"","Adopted acts"
"","Basic","Amending"
"Legislative acts - Ordinary legislative procedure"
"Regulations of the European Parliament and of the Council","0","0"
"Directives of the European Parliament and of the Council","0","0"
"Decisions of the European Parliament and of the Council","0","0"
"Total","0","0"
"Total","0"
"Other legislative acts"
"Council regulations","1","0"
"Council directives","0","0"
"Council decisions","0","1"
"Total","1","1"
"Total","1"
"Non-legislative acts"
"Delegated acts"
"Commission delegated regulations","0","0"
"Commission delegated directives","0","0"
"Commission delegated decisions","0","0"
"Total","0","0"
"Total","0"
"Implementing acts"
"Council implementing regulations","0","0"
"Council implementing decisions","0","0"
"Commission implementing regulations","0","0"
"Commission implementing directives","0","0"
"Commission implementing decisions","0","0"
"Total","0","0"
"Total","0"
"Other acts"
"Commission regulations","27","23"
"Commission directives","1","3"
"Commission decisions","58","14"
"European Central Bank regulations","0","0"
"European Central Bank decisions","0","0"
"European Central Bank guidelines****","1","0"
"European Central Bank recommendations","0","0"
"European Central Bank opinions","5","0"
"Total","92","40"
"Total","92"
"Statistics for","2007","9"
"","Adopted acts"
"","Basic","Amending"
"Legislative acts - Ordinary legislative procedure"
"Regulations of the European Parliament and of the Council","0","0"
"Directives of the European Parliament and of the Council","2","3"
"Decisions of the European Parliament and of the Council","2","0"
"Total","4","3"
"Total","4"
"Other legislative acts"
"Council regulations","5","6"
"Council directives","0","1"
"Council decisions","14","0"
"Total","19","7"
"Total","19"
"Non-legislative acts"
"Delegated acts"
"Commission delegated regulations","0","0"
"Commission delegated directives","0","0"
"Commission delegated decisions","0","0"
"Total","0","0"
"Total","0"
"Implementing acts"
"Council implementing regulations","0","0"
"Council implementing decisions","0","0"
"Commission implementing regulations","0","0"
"Commission implementing directives","0","0"
"Commission implementing decisions","0","0"
"Total","0","0"
"Total","0"
"Other acts"
"Commission regulations","23","19"
"Commission directives","0","3"
"Commission decisions","67","9"
"European Central Bank regulations","0","0"
"European Central Bank decisions","0","0"
"European Central Bank guidelines****","0","1"
"European Central Bank recommendations","0","0"
"European Central Bank opinions","2","0"
"Total","92","32"
"Total","92"
"Statistics for","2007","10"
"","Adopted acts"
"","Basic","Amending"
"Legislative acts - Ordinary legislative procedure"
"Regulations of the European Parliament and of the Council","2","1"
"Directives of the European Parliament and of the Council","2","1"
"Decisions of the European Parliament and of the Council","1","0"
"Total","5","2"
"Total","5"
"Other legislative acts"
"Council regulations","9","3"
"Council directives","0","0"
"Council decisions","30","3"
"Total","39","6"
"Total","39"
"Non-legislative acts"
"Delegated acts"
"Commission delegated regulations","0","0"
"Commission delegated directives","0","0"
"Commission delegated decisions","0","0"
"Total","0","0"
"Total","0"
"Implementing acts"
"Council implementing regulations","0","0"
"Council implementing decisions","0","0"
"Commission implementing regulations","0","0"
"Commission implementing directives","0","0"
"Commission implementing decisions","0","0"
"Total","0","0"
"Total","0"
"Other acts"
"Commission regulations","51","38"
"Commission directives","0","1"
"Commission decisions","70","12"
"European Central Bank regulations","0","0"
"European Central Bank decisions","0","0"
"European Central Bank guidelines****","0","0"
"European Central Bank recommendations","0","0"
"European Central Bank opinions","4","0"
"Total","125","51"
"Total","125"
"Statistics for","2007","11"
"","Adopted acts"
"","Basic","Amending"
"Legislative acts - Ordinary legislative procedure"
"Regulations of the European Parliament and of the Council","2","1"
"Directives of the European Parliament and of the Council","1","1"
"Decisions of the European Parliament and of the Council","0","0"
"Total","3","2"
"Total","3"
"Other legislative acts"
"Council regulations","7","5"
"Council directives","0","0"
"Council decisions","36","3"
"Total","43","8"
"Total","43"
"Non-legislative acts"
"Delegated acts"
"Commission delegated regulations","0","0"
"Commission delegated directives","0","0"
"Commission delegated decisions","0","0"
"Total","0","0"
"Total","0"
"Implementing acts"
"Council implementing regulations","0","0"
"Council implementing decisions","0","0"
"Commission implementing regulations","0","0"
"Commission implementing directives","0","0"
"Commission implementing decisions","0","0"
"Total","0","0"
"Total","0"
"Other acts"
"Commission regulations","39","26"
"Commission directives","0","4"
"Commission decisions","58","10"
"European Central Bank regulations","1","1"
"European Central Bank decisions","1","1"
"European Central Bank guidelines****","0","2"
"European Central Bank recommendations","2","0"
"European Central Bank opinions","7","0"
"Total","108","44"
"Total","108"
"Statistics for","2007","12"
"","Adopted acts"
"","Basic","Amending"
"Legislative acts - Ordinary legislative procedure"
"Regulations of the European Parliament and of the Council","2","2"
"Directives of the European Parliament and of the Council","0","2"
"Decisions of the European Parliament and of the Council","2","0"
"Total","4","4"
"Total","4"
"Other legislative acts"
"Council regulations","14","8"
"Council directives","2","1"
"Council decisions","23","7"
"Total","39","16"
"Total","39"
"Non-legislative acts"
"Delegated acts"
"Commission delegated regulations","0","0"
"Commission delegated directives","0","0"
"Commission delegated decisions","0","0"
"Total","0","0"
"Total","0"
"Implementing acts"
"Council implementing regulations","0","0"
"Council implementing decisions","0","0"
"Commission implementing regulations","0","0"
"Commission implementing directives","0","0"
"Commission implementing decisions","0","0"
"Total","0","0"
"Total","0"
"Other acts"
"Commission regulations","52","40"
"Commission directives","0","4"
"Commission decisions","75","26"
"European Central Bank regulations","0","0"
"European Central Bank decisions","1","2"
"European Central Bank guidelines****","0","1"
"European Central Bank recommendations","0","0"
"European Central Bank opinions","4","0"
"Total","132","73"
"Total","132"
"Statistics for","2008","1"
"","Adopted acts"
"","Basic","Amending"
"Legislative acts - Ordinary legislative procedure"
"Regulations of the European Parliament and of the Council","2","3"
"Directives of the European Parliament and of the Council","2","1"
"Decisions of the European Parliament and of the Council","1","0"
"Total","5","4"
"Total","5"
"Other legislative acts"
"Council regulations","6","3"
"Council directives","0","0"
"Council decisions","15","1"
"Total","21","4"
"Total","21"
"Non-legislative acts"
"Delegated acts"
"Commission delegated regulations","0","0"
"Commission delegated directives","0","0"
"Commission delegated decisions","0","0"
"Total","0","0"
"Total","0"
"Implementing acts"
"Council implementing regulations","0","0"
"Council implementing decisions","0","0"
"Commission implementing regulations","0","0"
"Commission implementing directives","0","0"
"Commission implementing decisions","0","0"
"Total","0","0"
"Total","0"
"Other acts"
"Commission regulations","15","13"
"Commission directives","1","1"
"Commission decisions","22","8"
"European Central Bank regulations","0","0"
"European Central Bank decisions","0","0"
"European Central Bank guidelines****","0","0"
"European Central Bank recommendations","1","0"
"European Central Bank opinions","5","0"
"Total","44","22"
"Total","44"
"Statistics for","2008","2"
"","Adopted acts"
"","Basic","Amending"
"Legislative acts - Ordinary legislative procedure"
"Regulations of the European Parliament and of the Council","2","1"
"Directives of the European Parliament and of the Council","0","1"
"Decisions of the European Parliament and of the Council","0","0"
"Total","2","2"
"Total","2"
"Other legislative acts"
"Council regulations","7","4"
"Council directives","2","1"
"Council decisions","40","4"
"Total","49","9"
"Total","49"
"Non-legislative acts"
"Delegated acts"
"Commission delegated regulations","0","0"
"Commission delegated directives","0","0"
"Commission delegated decisions","0","0"
"Total","0","0"
"Total","0"
"Implementing acts"
"Council implementing regulations","0","0"
"Council implementing decisions","0","0"
"Commission implementing regulations","0","0"
"Commission implementing directives","0","0"
"Commission implementing decisions","0","0"
"Total","0","0"
"Total","0"
"Other acts"
"Commission regulations","23","17"
"Commission directives","0","4"
"Commission decisions","41","8"
"European Central Bank regulations","0","0"
"European Central Bank decisions","0","0"
"European Central Bank guidelines****","0","0"
"European Central Bank recommendations","0","0"
"European Central Bank opinions","6","0"
"Total","70","29"
"Total","70"
"Statistics for","2008","3"
"","Adopted acts"
"","Basic","Amending"
"Legislative acts - Ordinary legislative procedure"
"Regulations of the European Parliament and of the Council","3","4"
"Directives of the European Parliament and of the Council","0","24"
"Decisions of the European Parliament and of the Council","2","0"
"Total","5","28"
"Total","5"
"Other legislative acts"
"Council regulations","10","8"
"Council directives","0","0"
"Council decisions","5","2"
"Total","15","10"
"Total","15"
"Non-legislative acts"
"Delegated acts"
"Commission delegated regulations","0","0"
"Commission delegated directives","0","0"
"Commission delegated decisions","0","0"
"Total","0","0"
"Total","0"
"Implementing acts"
"Council implementing regulations","0","0"
"Council implementing decisions","0","0"
"Commission implementing regulations","0","0"
"Commission implementing directives","0","0"
"Commission implementing decisions","0","0"
"Total","0","0"
"Total","0"
"Other acts"
"Commission regulations","10","14"
"Commission directives","1","3"
"Commission decisions","49","15"
"European Central Bank regulations","0","0"
"European Central Bank decisions","0","0"
"European Central Bank guidelines****","0","0"
"European Central Bank recommendations","0","0"
"European Central Bank opinions","3","0"
"Total","63","32"
"Total","63"
"Statistics for","2008","4"
"","Adopted acts"
"","Basic","Amending"
"Legislative acts - Ordinary legislative procedure"
"Regulations of the European Parliament and of the Council","4","0"
"Directives of the European Parliament and of the Council","1","1"
"Decisions of the European Parliament and of the Council","0","0"
"Total","5","1"
"Total","5"
"Other legislative acts"
"Council regulations","6","3"
"Council directives","0","0"
"Council decisions","18","7"
"Total","24","10"
"Total","24"
"Non-legislative acts"
"Delegated acts"
"Commission delegated regulations","0","0"
"Commission delegated directives","0","0"
"Commission delegated decisions","0","0"
"Total","0","0"
"Total","0"
"Implementing acts"
"Council implementing regulations","0","0"
"Council implementing decisions","0","0"
"Commission implementing regulations","0","0"
"Commission implementing directives","0","0"
"Commission implementing decisions","0","0"
"Total","0","0"
"Total","0"
"Other acts"
"Commission regulations","29","20"
"Commission directives","1","6"
"Commission decisions","71","16"
"European Central Bank regulations","0","0"
"European Central Bank decisions","0","0"
"European Central Bank guidelines****","0","0"
"European Central Bank recommendations","1","0"
"European Central Bank opinions","4","0"
"Total","106","42"
"Total","106"
"Statistics for","2008","5"
"","Adopted acts"
"","Basic","Amending"
"Legislative acts - Ordinary legislative procedure"
"Regulations of the European Parliament and of the Council","0","1"
"Directives of the European Parliament and of the Council","2","1"
"Decisions of the European Parliament and of the Council","0","0"
"Total","2","2"
"Total","2"
"Other legislative acts"
"Council regulations","4","5"
"Council directives","1","0"
"Council decisions","4","0"
"Total","9","5"
"Total","9"
"Non-legislative acts"
"Delegated acts"
"Commission delegated regulations","0","0"
"Commission delegated directives","0","0"
"Commission delegated decisions","0","0"
"Total","0","0"
"Total","0"
"Implementing acts"
"Council implementing regulations","0","0"
"Council implementing decisions","0","0"
"Commission implementing regulations","0","0"
"Commission implementing directives","0","0"
"Commission implementing decisions","0","0"
"Total","0","0"
"Total","0"
"Other acts"
"Commission regulations","17","15"
"Commission directives","0","0"
"Commission decisions","35","6"
"European Central Bank regulations","0","0"
"European Central Bank decisions","1","0"
"European Central Bank guidelines****","0","0"
"European Central Bank recommendations","0","0"
"European Central Bank opinions","5","0"
"Total","58","21"
"Total","58"
"Statistics for","2008","6"
"","Adopted acts"
"","Basic","Amending"
"Legislative acts - Ordinary legislative procedure"
"Regulations of the European Parliament and of the Council","1","1"
"Directives of the European Parliament and of the Council","2","1"
"Decisions of the European Parliament and of the Council","2","1"
"Total","5","3"
"Total","5"
"Other legislative acts"
"Council regulations","2","5"
"Council directives","0","1"
"Council decisions","29","4"
"Total","31","10"
"Total","31"
"Non-legislative acts"
"Delegated acts"
"Commission delegated regulations","0","0"
"Commission delegated directives","0","0"
"Commission delegated decisions","0","0"
"Total","0","0"
"Total","0"
"Implementing acts"
"Council implementing regulations","0","0"
"Council implementing decisions","0","0"
"Commission implementing regulations","0","0"
"Commission implementing directives","0","0"
"Commission implementing decisions","0","0"
"Total","0","0"
"Total","0"
"Other acts"
"Commission regulations","39","30"
"Commission directives","4","4"
"Commission decisions","66","18"
"European Central Bank regulations","0","0"
"European Central Bank decisions","0","0"
"European Central Bank guidelines****","1","1"
"European Central Bank recommendations","0","0"
"European Central Bank opinions","3","0"
"Total","113","53"
"Total","113"
"Statistics for","2008","7"
"","Adopted acts"
"","Basic","Amending"
"Legislative acts - Ordinary legislative procedure"
"Regulations of the European Parliament and of the Council","6","1"
"Directives of the European Parliament and of the Council","0","0"
"Decisions of the European Parliament and of the Council","3","0"
"Total","9","1"
"Total","9"
"Other legislative acts"
"Council regulations","15","9"
"Council directives","2","1"
"Council decisions","21","7"
"Total","38","17"
"Total","38"
"Non-legislative acts"
"Delegated acts"
"Commission delegated regulations","0","0"
"Commission delegated directives","0","0"
"Commission delegated decisions","0","0"
"Total","0","0"
"Total","0"
"Implementing acts"
"Council implementing regulations","0","0"
"Council implementing decisions","0","0"
"Commission implementing regulations","0","0"
"Commission implementing directives","0","0"
"Commission implementing decisions","0","0"
"Total","0","0"
"Total","0"
"Other acts"
"Commission regulations","36","27"
"Commission directives","0","11"
"Commission decisions","73","14"
"European Central Bank regulations","0","0"
"European Central Bank decisions","0","0"
"European Central Bank guidelines****","0","0"
"European Central Bank recommendations","0","0"
"European Central Bank opinions","7","0"
"Total","116","52"
"Total","116"
"Statistics for","2008","8"
"","Adopted acts"
"","Basic","Amending"
"Legislative acts - Ordinary legislative procedure"
"Regulations of the European Parliament and of the Council","0","0"
"Directives of the European Parliament and of the Council","0","0"
"Decisions of the European Parliament and of the Council","0","0"
"Total","0","0"
"Total","0"
"Other legislative acts"
"Council regulations","3","2"
"Council directives","0","0"
"Council decisions","0","0"
"Total","3","2"
"Total","3"
"Non-legislative acts"
"Delegated acts"
"Commission delegated regulations","0","0"
"Commission delegated directives","0","0"
"Commission delegated decisions","0","0"
"Total","0","0"
"Total","0"
"Implementing acts"
"Council implementing regulations","0","0"
"Council implementing decisions","0","0"
"Commission implementing regulations","0","0"
"Commission implementing directives","0","0"
"Commission implementing decisions","0","0"
"Total","0","0"
"Total","0"
"Other acts"
"Commission regulations","25","12"
"Commission directives","1","2"
"Commission decisions","42","14"
"European Central Bank regulations","0","0"
"European Central Bank decisions","0","0"
"European Central Bank guidelines****","0","1"
"European Central Bank recommendations","0","0"
"European Central Bank opinions","5","0"
"Total","73","29"
"Total","73"
"Statistics for","2008","9"
"","Adopted acts"
"","Basic","Amending"
"Legislative acts - Ordinary legislative procedure"
"Regulations of the European Parliament and of the Council","1","1"
"Directives of the European Parliament and of the Council","1","0"
"Decisions of the European Parliament and of the Council","0","0"
"Total","2","1"
"Total","2"
"Other legislative acts"
"Council regulations","3","2"
"Council directives","1","0"
"Council decisions","16","3"
"Total","20","5"
"Total","20"
"Non-legislative acts"
"Delegated acts"
"Commission delegated regulations","0","0"
"Commission delegated directives","0","0"
"Commission delegated decisions","0","0"
"Total","0","0"
"Total","0"
"Implementing acts"
"Council implementing regulations","0","0"
"Council implementing decisions","0","0"
"Commission implementing regulations","0","0"
"Commission implementing directives","0","0"
"Commission implementing decisions","0","0"
"Total","0","0"
"Total","0"
"Other acts"
"Commission regulations","41","10"
"Commission directives","1","5"
"Commission decisions","55","3"
"European Central Bank regulations","0","0"
"European Central Bank decisions","0","0"
"European Central Bank guidelines****","1","1"
"European Central Bank recommendations","1","0"
"European Central Bank opinions","5","0"
"Total","104","19"
"Total","104"
"Statistics for","2008","10"
"","Adopted acts"
"","Basic","Amending"
"Legislative acts - Ordinary legislative procedure"
"Regulations of the European Parliament and of the Council","5","0"
"Directives of the European Parliament and of the Council","3","0"
"Decisions of the European Parliament and of the Council","1","1"
"Total","9","1"
"Total","9"
"Other legislative acts"
"Council regulations","3","4"
"Council directives","0","0"
"Council decisions","18","1"
"Total","21","5"
"Total","21"
"Non-legislative acts"
"Delegated acts"
"Commission delegated regulations","0","0"
"Commission delegated directives","0","0"
"Commission delegated decisions","0","0"
"Total","0","0"
"Total","0"
"Implementing acts"
"Council implementing regulations","0","0"
"Council implementing decisions","0","0"
"Commission implementing regulations","0","0"
"Commission implementing directives","0","0"
"Commission implementing decisions","0","0"
"Total","0","0"
"Total","0"
"Other acts"
"Commission regulations","28","27"
"Commission directives","0","1"
"Commission decisions","55","19"
"European Central Bank regulations","1","1"
"European Central Bank decisions","1","0"
"European Central Bank guidelines****","0","1"
"European Central Bank recommendations","0","0"
"European Central Bank opinions","19","0"
"Total","104","49"
"Total","104"
"Statistics for","2008","11"
"","Adopted acts"
"","Basic","Amending"
"Legislative acts - Ordinary legislative procedure"
"Regulations of the European Parliament and of the Council","2","0"
"Directives of the European Parliament and of the Council","5","4"
"Decisions of the European Parliament and of the Council","0","0"
"Total","7","4"
"Total","7"
"Other legislative acts"
"Council regulations","4","5"
"Council directives","0","0"
"Council decisions","25","4"
"Total","29","9"
"Total","29"
"Non-legislative acts"
"Delegated acts"
"Commission delegated regulations","0","0"
"Commission delegated directives","0","0"
"Commission delegated decisions","0","0"
"Total","0","0"
"Total","0"
"Implementing acts"
"Council implementing regulations","0","0"
"Council implementing decisions","0","0"
"Commission implementing regulations","0","0"
"Commission implementing directives","0","0"
"Commission implementing decisions","0","0"
"Total","0","0"
"Total","0"
"Other acts"
"Commission regulations","33","26"
"Commission directives","2","1"
"Commission decisions","42","7"
"European Central Bank regulations","0","0"
"European Central Bank decisions","2","0"
"European Central Bank guidelines****","1","0"
"European Central Bank recommendations","1","0"
"European Central Bank opinions","18","0"
"Total","99","34"
"Total","99"
"Statistics for","2008","12"
"","Adopted acts"
"","Basic","Amending"
"Legislative acts - Ordinary legislative procedure"
"Regulations of the European Parliament and of the Council","8","2"
"Directives of the European Parliament and of the Council","2","2"
"Decisions of the European Parliament and of the Council","4","5"
"Total","14","9"
"Total","14"
"Other legislative acts"
"Council regulations","10","17"
"Council directives","4","1"
"Council decisions","16","6"
"Total","30","24"
"Total","30"
"Non-legislative acts"
"Delegated acts"
"Commission delegated regulations","0","0"
"Commission delegated directives","0","0"
"Commission delegated decisions","0","0"
"Total","0","0"
"Total","0"
"Implementing acts"
"Council implementing regulations","0","0"
"Council implementing decisions","0","0"
"Commission implementing regulations","0","0"
"Commission implementing directives","0","0"
"Commission implementing decisions","0","0"
"Total","0","0"
"Total","0"
"Other acts"
"Commission regulations","46","39"
"Commission directives","2","6"
"Commission decisions","91","14"
"European Central Bank regulations","2","0"
"European Central Bank decisions","8","2"
"European Central Bank guidelines****","0","2"
"European Central Bank recommendations","1","0"
"European Central Bank opinions","12","0"
"Total","162","63"
"Total","162"
"Statistics for","2009","1"
"","Adopted acts"
"","Basic","Amending"
"Legislative acts - Ordinary legislative procedure"
"Regulations of the European Parliament and of the Council","3","0"
"Directives of the European Parliament and of the Council","2","0"
"Decisions of the European Parliament and of the Council","0","0"
"Total","5","0"
"Total","5"
"Other legislative acts"
"Council regulations","3","5"
"Council directives","0","0"
"Council decisions","10","2"
"Total","13","7"
"Total","13"
"Non-legislative acts"
"Delegated acts"
"Commission delegated regulations","0","0"
"Commission delegated directives","0","0"
"Commission delegated decisions","0","0"
"Total","0","0"
"Total","0"
"Implementing acts"
"Council implementing regulations","0","0"
"Council implementing decisions","0","0"
"Commission implementing regulations","0","0"
"Commission implementing directives","0","0"
"Commission implementing decisions","0","0"
"Total","0","0"
"Total","0"
"Other acts"
"Commission regulations","11","11"
"Commission directives","1","3"
"Commission decisions","29","5"
"European Central Bank regulations","0","0"
"European Central Bank decisions","0","1"
"European Central Bank guidelines****","0","1"
"European Central Bank recommendations","0","0"
"European Central Bank opinions","7","0"
"Total","48","21"
"Total","48"
"Statistics for","2009","2"
"","Adopted acts"
"","Basic","Amending"
"Legislative acts - Ordinary legislative procedure"
"Regulations of the European Parliament and of the Council","0","0"
"Directives of the European Parliament and of the Council","0","0"
"Decisions of the European Parliament and of the Council","0","0"
"Total","0","0"
"Total","0"
"Other legislative acts"
"Council regulations","3","3"
"Council directives","1","0"
"Council decisions","12","3"
"Total","16","6"
"Total","16"
"Non-legislative acts"
"Delegated acts"
"Commission delegated regulations","0","0"
"Commission delegated directives","0","0"
"Commission delegated decisions","0","0"
"Total","0","0"
"Total","0"
"Implementing acts"
"Council implementing regulations","0","0"
"Council implementing decisions","0","0"
"Commission implementing regulations","0","0"
"Commission implementing directives","0","0"
"Commission implementing decisions","0","0"
"Total","0","0"
"Total","0"
"Other acts"
"Commission regulations","14","18"
"Commission directives","0","6"
"Commission decisions","41","4"
"European Central Bank regulations","0","0"
"European Central Bank decisions","0","0"
"European Central Bank guidelines****","0","0"
"European Central Bank recommendations","1","0"
"European Central Bank opinions","8","0"
"Total","64","28"
"Total","64"
"Statistics for","2009","3"
"","Adopted acts"
"","Basic","Amending"
"Legislative acts - Ordinary legislative procedure"
"Regulations of the European Parliament and of the Council","5","3"
"Directives of the European Parliament and of the Council","1","2"
"Decisions of the European Parliament and of the Council","0","0"
"Total","6","5"
"Total","6"
"Other legislative acts"
"Council regulations","3","2"
"Council directives","0","0"
"Council decisions","14","1"
"Total","17","3"
"Total","17"
"Non-legislative acts"
"Delegated acts"
"Commission delegated regulations","0","0"
"Commission delegated directives","0","0"
"Commission delegated decisions","0","0"
"Total","0","0"
"Total","0"
"Implementing acts"
"Council implementing regulations","0","0"
"Council implementing decisions","0","0"
"Commission implementing regulations","0","0"
"Commission implementing directives","0","0"
"Commission implementing decisions","0","0"
"Total","0","0"
"Total","0"
"Other acts"
"Commission regulations","17","21"
"Commission directives","0","1"
"Commission decisions","48","7"
"European Central Bank regulations","0","1"
"European Central Bank decisions","2","1"
"European Central Bank guidelines****","0","0"
"European Central Bank recommendations","0","0"
"European Central Bank opinions","16","0"
"Total","83","31"
"Total","83"
"Statistics for","2009","4"
"","Adopted acts"
"","Basic","Amending"
"Legislative acts - Ordinary legislative procedure"
"Regulations of the European Parliament and of the Council","5","3"
"Directives of the European Parliament and of the Council","14","3"
"Decisions of the European Parliament and of the Council","2","0"
"Total","21","6"
"Total","21"
"Other legislative acts"
"Council regulations","2","3"
"Council directives","0","0"
"Council decisions","21","3"
"Total","23","6"
"Total","23"
"Non-legislative acts"
"Delegated acts"
"Commission delegated regulations","0","0"
"Commission delegated directives","0","0"
"Commission delegated decisions","0","0"
"Total","0","0"
"Total","0"
"Implementing acts"
"Council implementing regulations","0","0"
"Council implementing decisions","0","0"
"Commission implementing regulations","0","0"
"Commission implementing directives","0","0"
"Commission implementing decisions","0","0"
"Total","0","0"
"Total","0"
"Other acts"
"Commission regulations","24","18"
"Commission directives","0","6"
"Commission decisions","35","6"
"European Central Bank regulations","0","0"
"European Central Bank decisions","0","0"
"European Central Bank guidelines****","0","0"
"European Central Bank recommendations","1","0"
"European Central Bank opinions","9","0"
"Total","69","30"
"Total","69"
"Statistics for","2009","5"
"","Adopted acts"
"","Basic","Amending"
"Legislative acts - Ordinary legislative procedure"
"Regulations of the European Parliament and of the Council","2","3"
"Directives of the European Parliament and of the Council","7","1"
"Decisions of the European Parliament and of the Council","0","1"
"Total","9","5"
"Total","9"
"Other legislative acts"
"Council regulations","7","5"
"Council directives","2","1"
"Council decisions","18","5"
"Total","27","11"
"Total","27"
"Non-legislative acts"
"Delegated acts"
"Commission delegated regulations","0","0"
"Commission delegated directives","0","0"
"Commission delegated decisions","0","0"
"Total","0","0"
"Total","0"
"Implementing acts"
"Council implementing regulations","0","0"
"Council implementing decisions","0","0"
"Commission implementing regulations","0","0"
"Commission implementing directives","0","0"
"Commission implementing decisions","0","0"
"Total","0","0"
"Total","0"
"Other acts"
"Commission regulations","20","18"
"Commission directives","0","1"
"Commission decisions","31","12"
"European Central Bank regulations","0","0"
"European Central Bank decisions","0","0"
"European Central Bank guidelines****","0","3"
"European Central Bank recommendations","0","0"
"European Central Bank opinions","9","0"
"Total","60","34"
"Total","60"
"Statistics for","2009","6"
"","Adopted acts"
"","Basic","Amending"
"Legislative acts - Ordinary legislative procedure"
"Regulations of the European Parliament and of the Council","1","4"
"Directives of the European Parliament and of the Council","3","2"
"Decisions of the European Parliament and of the Council","0","1"
"Total","4","7"
"Total","4"
"Other legislative acts"
"Council regulations","3","4"
"Council directives","1","3"
"Council decisions","16","1"
"Total","20","8"
"Total","20"
"Non-legislative acts"
"Delegated acts"
"Commission delegated regulations","0","0"
"Commission delegated directives","0","0"
"Commission delegated decisions","0","0"
"Total","0","0"
"Total","0"
"Implementing acts"
"Council implementing regulations","0","0"
"Council implementing decisions","0","0"
"Commission implementing regulations","0","0"
"Commission implementing directives","0","0"
"Commission implementing decisions","0","0"
"Total","0","0"
"Total","0"
"Other acts"
"Commission regulations","15","29"
"Commission directives","1","2"
"Commission decisions","63","7"
"European Central Bank regulations","0","0"
"European Central Bank decisions","0","3"
"European Central Bank guidelines****","0","0"
"European Central Bank recommendations","2","0"
"European Central Bank opinions","8","0"
"Total","89","41"
"Total","89"
"Statistics for","2009","7"
"","Adopted acts"
"","Basic","Amending"
"Legislative acts - Ordinary legislative procedure"
"Regulations of the European Parliament and of the Council","8","0"
"Directives of the European Parliament and of the Council","20","0"
"Decisions of the European Parliament and of the Council","1","0"
"Total","29","0"
"Total","29"
"Other legislative acts"
"Council regulations","10","3"
"Council directives","0","1"
"Council decisions","24","3"
"Total","34","7"
"Total","34"
"Non-legislative acts"
"Delegated acts"
"Commission delegated regulations","0","0"
"Commission delegated directives","0","0"
"Commission delegated decisions","0","0"
"Total","0","0"
"Total","0"
"Implementing acts"
"Council implementing regulations","0","0"
"Council implementing decisions","0","0"
"Commission implementing regulations","0","0"
"Commission implementing directives","0","0"
"Commission implementing decisions","0","0"
"Total","0","0"
"Total","0"
"Other acts"
"Commission regulations","39","20"
"Commission directives","1","14"
"Commission decisions","42","19"
"European Central Bank regulations","0","0"
"European Central Bank decisions","1","1"
"European Central Bank guidelines****","1","1"
"European Central Bank recommendations","0","0"
"European Central Bank opinions","7","0"
"Total","91","55"
"Total","91"
"Statistics for","2009","8"
"","Adopted acts"
"","Basic","Amending"
"Legislative acts - Ordinary legislative procedure"
"Regulations of the European Parliament and of the Council","0","0"
"Directives of the European Parliament and of the Council","0","0"
"Decisions of the European Parliament and of the Council","0","0"
"Total","0","0"
"Total","0"
"Other legislative acts"
"Council regulations","1","1"
"Council directives","0","0"
"Council decisions","0","1"
"Total","1","2"
"Total","1"
"Non-legislative acts"
"Delegated acts"
"Commission delegated regulations","0","0"
"Commission delegated directives","0","0"
"Commission delegated decisions","0","0"
"Total","0","0"
"Total","0"
"Implementing acts"
"Council implementing regulations","0","0"
"Council implementing decisions","0","0"
"Commission implementing regulations","0","0"
"Commission implementing directives","0","0"
"Commission implementing decisions","0","0"
"Total","0","0"
"Total","0"
"Other acts"
"Commission regulations","20","24"
"Commission directives","0","8"
"Commission decisions","20","7"
"European Central Bank regulations","0","0"
"European Central Bank decisions","0","0"
"European Central Bank guidelines****","0","0"
"European Central Bank recommendations","0","0"
"European Central Bank opinions","4","0"
"Total","44","39"
"Total","44"
"Statistics for","2009","9"
"","Adopted acts"
"","Basic","Amending"
"Legislative acts - Ordinary legislative procedure"
"Regulations of the European Parliament and of the Council","5","3"
"Directives of the European Parliament and of the Council","7","4"
"Decisions of the European Parliament and of the Council","3","0"
"Total","15","7"
"Total","15"
"Other legislative acts"
"Council regulations","5","3"
"Council directives","1","0"
"Council decisions","15","2"
"Total","21","5"
"Total","21"
"Non-legislative acts"
"Delegated acts"
"Commission delegated regulations","0","0"
"Commission delegated directives","0","0"
"Commission delegated decisions","0","0"
"Total","0","0"
"Total","0"
"Implementing acts"
"Council implementing regulations","0","0"
"Council implementing decisions","0","0"
"Commission implementing regulations","0","0"
"Commission implementing directives","0","0"
"Commission implementing decisions","0","0"
"Total","0","0"
"Total","0"
"Other acts"
"Commission regulations","35","20"
"Commission directives","0","5"
"Commission decisions","40","2"
"European Central Bank regulations","0","0"
"European Central Bank decisions","0","0"
"European Central Bank guidelines****","0","1"
"European Central Bank recommendations","0","0"
"European Central Bank opinions","9","0"
"Total","84","28"
"Total","84"
"Statistics for","2009","10"
"","Adopted acts"
"","Basic","Amending"
"Legislative acts - Ordinary legislative procedure"
"Regulations of the European Parliament and of the Council","5","2"
"Directives of the European Parliament and of the Council","3","2"
"Decisions of the European Parliament and of the Council","1","0"
"Total","9","4"
"Total","9"
"Other legislative acts"
"Council regulations","3","4"
"Council directives","2","0"
"Council decisions","28","0"
"Total","33","4"
"Total","33"
"Non-legislative acts"
"Delegated acts"
"Commission delegated regulations","0","0"
"Commission delegated directives","0","0"
"Commission delegated decisions","0","0"
"Total","0","0"
"Total","0"
"Implementing acts"
"Council implementing regulations","0","0"
"Council implementing decisions","0","0"
"Commission implementing regulations","0","0"
"Commission implementing directives","0","0"
"Commission implementing decisions","0","0"
"Total","0","0"
"Total","0"
"Other acts"
"Commission regulations","39","14"
"Commission directives","0","4"
"Commission decisions","63","14"
"European Central Bank regulations","0","0"
"European Central Bank decisions","0","1"
"European Central Bank guidelines****","0","0"
"European Central Bank recommendations","0","0"
"European Central Bank opinions","11","0"
"Total","113","33"
"Total","113"
"Statistics for","2009","11"
"","Adopted acts"
"","Basic","Amending"
"Legislative acts - Ordinary legislative procedure"
"Regulations of the European Parliament and of the Council","7","0"
"Directives of the European Parliament and of the Council","6","3"
"Decisions of the European Parliament and of the Council","0","0"
"Total","13","3"
"Total","13"
"Other legislative acts"
"Council regulations","12","5"
"Council directives","3","1"
"Council decisions","42","7"
"Total","57","13"
"Total","57"
"Non-legislative acts"
"Delegated acts"
"Commission delegated regulations","0","0"
"Commission delegated directives","0","0"
"Commission delegated decisions","0","0"
"Total","0","0"
"Total","0"
"Implementing acts"
"Council implementing regulations","0","0"
"Council implementing decisions","0","0"
"Commission implementing regulations","0","0"
"Commission implementing directives","0","0"
"Commission implementing decisions","0","0"
"Total","0","0"
"Total","0"
"Other acts"
"Commission regulations","53","27"
"Commission directives","2","9"
"Commission decisions","50","14"
"European Central Bank regulations","0","0"
"European Central Bank decisions","0","0"
"European Central Bank guidelines****","0","0"
"European Central Bank recommendations","0","0"
"European Central Bank opinions","9","0"
"Total","114","50"
"Total","114"
"Statistics for","2009","12"
"","Adopted acts"
"","Basic","Amending"
"Legislative acts - Ordinary legislative procedure"
"Regulations of the European Parliament and of the Council","0","0"
"Directives of the European Parliament and of the Council","0","0"
"Decisions of the European Parliament and of the Council","0","0"
"Total","0","0"
"Total","0"
"Other legislative acts"
"Council regulations","5","5"
"Council directives","0","1"
"Council decisions","19","9"
"Total","24","15"
"Total","24"
"Non-legislative acts"
"Delegated acts"
"Commission delegated regulations","0","0"
"Commission delegated directives","0","0"
"Commission delegated decisions","0","0"
"Total","0","0"
"Total","0"
"Implementing acts"
"Council implementing regulations","4","1"
"Council implementing decisions","4","1"
"Commission implementing regulations","0","0"
"Commission implementing directives","0","0"
"Commission implementing decisions","0","0"
"Total","8","2"
"Total","8"
"Other acts"
"Commission regulations","31","14"
"Commission directives","1","4"
"Commission decisions","74","15"
"European Central Bank regulations","0","0"
"European Central Bank decisions","1","2"
"European Central Bank guidelines****","0","3"
"European Central Bank recommendations","1","0"
"European Central Bank opinions","3","0"
"Total","111","38"
"Total","111"
"Statistics for","2010","1"
"","Adopted acts"
"","Basic","Amending"
"Legislative acts - Ordinary legislative procedure"
"Regulations of the European Parliament and of the Council","0","0"
"Directives of the European Parliament and of the Council","0","0"
"Decisions of the European Parliament and of the Council","0","0"
"Total","0","0"
"Total","0"
"Other legislative acts"
"Council regulations","1","0"
"Council directives","0","0"
"Council decisions","16","1"
"Total","17","1"
"Total","17"
"Non-legislative acts"
"Delegated acts"
"Commission delegated regulations","0","0"
"Commission delegated directives","0","0"
"Commission delegated decisions","0","0"
"Total","0","0"
"Total","0"
"Implementing acts"
"Council implementing regulations","1","1"
"Council implementing decisions","1","0"
"Commission implementing regulations","0","0"
"Commission implementing directives","0","0"
"Commission implementing decisions","0","0"
"Total","2","1"
"Total","2"
"Other acts"
"Commission regulations","18","13"
"Commission directives","0","2"
"Commission decisions","27","0"
"European Central Bank regulations","0","0"
"European Central Bank decisions","0","0"
"European Central Bank guidelines****","0","0"
"European Central Bank recommendations","0","0"
"European Central Bank opinions","14","0"
"Total","59","15"
"Total","59"
"Statistics for","2010","2"
"","Adopted acts"
"","Basic","Amending"
"Legislative acts - Ordinary legislative procedure"
"Regulations of the European Parliament and of the Council","0","0"
"Directives of the European Parliament and of the Council","0","0"
"Decisions of the European Parliament and of the Council","0","0"
"Total","0","0"
"Total","0"
"Other legislative acts"
"Council regulations","1","0"
"Council directives","0","1"
"Council decisions","19","6"
"Total","20","7"
"Total","20"
"Non-legislative acts"
"Delegated acts"
"Commission delegated regulations","0","0"
"Commission delegated directives","0","0"
"Commission delegated decisions","0","0"
"Total","0","0"
"Total","0"
"Implementing acts"
"Council implementing regulations","3","1"
"Council implementing decisions","1","0"
"Commission implementing regulations","0","0"
"Commission implementing directives","0","0"
"Commission implementing decisions","0","0"
"Total","4","1"
"Total","4"
"Other acts"
"Commission regulations","16","16"
"Commission directives","0","9"
"Commission decisions","49","9"
"European Central Bank regulations","0","0"
"European Central Bank decisions","0","0"
"European Central Bank guidelines****","0","0"
"European Central Bank recommendations","0","0"
"European Central Bank opinions","4","0"
"Total","69","34"
"Total","69"
"Statistics for","2010","3"
"","Adopted acts"
"","Basic","Amending"
"Legislative acts - Ordinary legislative procedure"
"Regulations of the European Parliament and of the Council","0","1"
"Directives of the European Parliament and of the Council","1","0"
"Decisions of the European Parliament and of the Council","1","1"
"Total","2","2"
"Total","2"
"Other legislative acts"
"Council regulations","0","2"
"Council directives","1","2"
"Council decisions","18","5"
"Total","19","9"
"Total","19"
"Non-legislative acts"
"Delegated acts"
"Commission delegated regulations","0","0"
"Commission delegated directives","0","0"
"Commission delegated decisions","0","0"
"Total","0","0"
"Total","0"
"Implementing acts"
"Council implementing regulations","0","3"
"Council implementing decisions","0","0"
"Commission implementing regulations","0","0"
"Commission implementing directives","0","0"
"Commission implementing decisions","0","0"
"Total","0","3"
"Total","0"
"Other acts"
"Commission regulations","32","28"
"Commission directives","0","10"
"Commission decisions","55","14"
"European Central Bank regulations","0","0"
"European Central Bank decisions","0","0"
"European Central Bank guidelines****","0","1"
"European Central Bank recommendations","0","0"
"European Central Bank opinions","10","0"
"Total","97","53"
"Total","97"
"Statistics for","2010","4"
"","Adopted acts"
"","Basic","Amending"
"Legislative acts - Ordinary legislative procedure"
"Regulations of the European Parliament and of the Council","0","1"
"Directives of the European Parliament and of the Council","0","0"
"Decisions of the European Parliament and of the Council","0","0"
"Total","0","1"
"Total","0"
"Other legislative acts"
"Council regulations","1","0"
"Council directives","0","0"
"Council decisions","11","1"
"Total","12","1"
"Total","12"
"Non-legislative acts"
"Delegated acts"
"Commission delegated regulations","0","0"
"Commission delegated directives","0","0"
"Commission delegated decisions","0","0"
"Total","0","0"
"Total","0"
"Implementing acts"
"Council implementing regulations","1","2"
"Council implementing decisions","0","0"
"Commission implementing regulations","0","0"
"Commission implementing directives","0","0"
"Commission implementing decisions","0","0"
"Total","1","2"
"Total","1"
"Other acts"
"Commission regulations","24","23"
"Commission directives","0","3"
"Commission decisions","36","9"
"European Central Bank regulations","0","0"
"European Central Bank decisions","0","0"
"European Central Bank guidelines****","1","0"
"European Central Bank recommendations","0","0"
"European Central Bank opinions","8","0"
"Total","69","35"
"Total","69"
"Statistics for","2010","5"
"","Adopted acts"
"","Basic","Amending"
"Legislative acts - Ordinary legislative procedure"
"Regulations of the European Parliament and of the Council","1","2"
"Directives of the European Parliament and of the Council","2","0"
"Decisions of the European Parliament and of the Council","0","2"
"Total","3","4"
"Total","3"
"Other legislative acts"
"Council regulations","1","1"
"Council directives","1","0"
"Council decisions","14","2"
"Total","16","3"
"Total","16"
"Non-legislative acts"
"Delegated acts"
"Commission delegated regulations","0","0"
"Commission delegated directives","0","0"
"Commission delegated decisions","0","0"
"Total","0","0"
"Total","0"
"Implementing acts"
"Council implementing regulations","1","0"
"Council implementing decisions","0","0"
"Commission implementing regulations","0","0"
"Commission implementing directives","0","0"
"Commission implementing decisions","0","0"
"Total","1","0"
"Total","1"
"Other acts"
"Commission regulations","36","20"
"Commission directives","0","2"
"Commission decisions","28","8"
"European Central Bank regulations","0","0"
"European Central Bank decisions","3","0"
"European Central Bank guidelines****","0","0"
"European Central Bank recommendations","0","0"
"European Central Bank opinions","9","0"
"Total","76","30"
"Total","76"
"Statistics for","2010","6"
"","Adopted acts"
"","Basic","Amending"
"Legislative acts - Ordinary legislative procedure"
"Regulations of the European Parliament and of the Council","0","2"
"Directives of the European Parliament and of the Council","1","0"
"Decisions of the European Parliament and of the Council","0","0"
"Total","1","2"
"Total","1"
"Other legislative acts"
"Council regulations","3","9"
"Council directives","0","0"
"Council decisions","26","2"
"Total","29","11"
"Total","29"
"Non-legislative acts"
"Delegated acts"
"Commission delegated regulations","0","0"
"Commission delegated directives","0","0"
"Commission delegated decisions","0","0"
"Total","0","0"
"Total","0"
"Implementing acts"
"Council implementing regulations","4","2"
"Council implementing decisions","0","0"
"Commission implementing regulations","0","0"
"Commission implementing directives","0","0"
"Commission implementing decisions","0","0"
"Total","4","2"
"Total","4"
"Other acts"
"Commission regulations","18","15"
"Commission directives","0","5"
"Commission decisions","42","7"
"European Central Bank regulations","0","0"
"European Central Bank decisions","0","0"
"European Central Bank guidelines****","0","0"
"European Central Bank recommendations","0","0"
"European Central Bank opinions","5","0"
"Total","65","27"
"Total","65"
"Statistics for","2010","7"
"","Adopted acts"
"","Basic","Amending"
"Legislative acts - Ordinary legislative procedure"
"Regulations of the European Parliament and of the Council","1","1"
"Directives of the European Parliament and of the Council","3","0"
"Decisions of the European Parliament and of the Council","2","0"
"Total","6","1"
"Total","6"
"Other legislative acts"
"Council regulations","3","4"
"Council directives","0","1"
"Council decisions","24","4"
"Total","27","9"
"Total","27"
"Non-legislative acts"
"Delegated acts"
"Commission delegated regulations","0","0"
"Commission delegated directives","0","0"
"Commission delegated decisions","0","0"
"Total","0","0"
"Total","0"
"Implementing acts"
"Council implementing regulations","0","2"
"Council implementing decisions","0","0"
"Commission implementing regulations","0","0"
"Commission implementing directives","0","0"
"Commission implementing decisions","0","0"
"Total","0","2"
"Total","0"
"Other acts"
"Commission regulations","28","16"
"Commission directives","2","3"
"Commission decisions","52","5"
"European Central Bank regulations","0","1"
"European Central Bank decisions","1","1"
"European Central Bank guidelines****","0","0"
"European Central Bank recommendations","1","0"
"European Central Bank opinions","9","0"
"Total","93","26"
"Total","93"
"Statistics for","2010","8"
"","Adopted acts"
"","Basic","Amending"
"Legislative acts - Ordinary legislative procedure"
"Regulations of the European Parliament and of the Council","0","0"
"Directives of the European Parliament and of the Council","0","0"
"Decisions of the European Parliament and of the Council","0","0"
"Total","0","0"
"Total","0"
"Other legislative acts"
"Council regulations","1","0"
"Council directives","0","0"
"Council decisions","14","1"
"Total","15","1"
"Total","15"
"Non-legislative acts"
"Delegated acts"
"Commission delegated regulations","0","0"
"Commission delegated directives","0","0"
"Commission delegated decisions","0","0"
"Total","0","0"
"Total","0"
"Implementing acts"
"Council implementing regulations","0","0"
"Council implementing decisions","0","0"
"Commission implementing regulations","0","0"
"Commission implementing directives","0","0"
"Commission implementing decisions","1","0"
"Total","1","0"
"Total","1"
"Other acts"
"Commission regulations","20","19"
"Commission directives","2","8"
"Commission decisions","44","9"
"European Central Bank regulations","0","0"
"European Central Bank decisions","1","0"
"European Central Bank guidelines****","0","0"
"European Central Bank recommendations","1","0"
"European Central Bank opinions","10","0"
"Total","78","36"
"Total","78"
"Statistics for","2010","9"
"","Adopted acts"
"","Basic","Amending"
"Legislative acts - Ordinary legislative procedure"
"Regulations of the European Parliament and of the Council","3","0"
"Directives of the European Parliament and of the Council","1","0"
"Decisions of the European Parliament and of the Council","0","1"
"Total","4","1"
"Total","4"
"Other legislative acts"
"Council regulations","0","0"
"Council directives","0","0"
"Council decisions","15","3"
"Total","15","3"
"Total","15"
"Non-legislative acts"
"Delegated acts"
"Commission delegated regulations","4","0"
"Commission delegated directives","0","0"
"Commission delegated decisions","0","0"
"Total","4","0"
"Total","4"
"Implementing acts"
"Council implementing regulations","3","2"
"Council implementing decisions","6","0"
"Commission implementing regulations","0","0"
"Commission implementing directives","0","0"
"Commission implementing decisions","0","0"
"Total","9","2"
"Total","9"
"Other acts"
"Commission regulations","27","14"
"Commission directives","0","2"
"Commission decisions","32","2"
"European Central Bank regulations","0","0"
"European Central Bank decisions","2","0"
"European Central Bank guidelines****","0","2"
"European Central Bank recommendations","0","0"
"European Central Bank opinions","2","0"
"Total","63","20"
"Total","63"
"Statistics for","2010","10"
"","Adopted acts"
"","Basic","Amending"
"Legislative acts - Ordinary legislative procedure"
"Regulations of the European Parliament and of the Council","3","0"
"Directives of the European Parliament and of the Council","2","0"
"Decisions of the European Parliament and of the Council","1","0"
"Total","6","0"
"Total","6"
"Other legislative acts"
"Council regulations","3","0"
"Council directives","0","1"
"Council decisions","29","3"
"Total","32","4"
"Total","32"
"Non-legislative acts"
"Delegated acts"
"Commission delegated regulations","0","0"
"Commission delegated directives","0","0"
"Commission delegated decisions","0","0"
"Total","0","0"
"Total","0"
"Implementing acts"
"Council implementing regulations","1","1"
"Council implementing decisions","1","0"
"Commission implementing regulations","0","0"
"Commission implementing directives","0","0"
"Commission implementing decisions","0","0"
"Total","2","1"
"Total","2"
"Other acts"
"Commission regulations","41","15"
"Commission directives","0","4"
"Commission decisions","32","12"
"European Central Bank regulations","0","0"
"European Central Bank decisions","2","0"
"European Central Bank guidelines****","0","0"
"European Central Bank recommendations","1","0"
"European Central Bank opinions","3","0"
"Total","79","31"
"Total","79"
"Statistics for","2010","11"
"","Adopted acts"
"","Basic","Amending"
"Legislative acts - Ordinary legislative procedure"
"Regulations of the European Parliament and of the Council","5","5"
"Directives of the European Parliament and of the Council","3","1"
"Decisions of the European Parliament and of the Council","0","0"
"Total","8","6"
"Total","8"
"Other legislative acts"
"Council regulations","2","1"
"Council directives","0","0"
"Council decisions","18","1"
"Total","20","2"
"Total","20"
"Non-legislative acts"
"Delegated acts"
"Commission delegated regulations","0","0"
"Commission delegated directives","0","0"
"Commission delegated decisions","0","0"
"Total","0","0"
"Total","0"
"Implementing acts"
"Council implementing regulations","3","0"
"Council implementing decisions","0","2"
"Commission implementing regulations","0","0"
"Commission implementing directives","0","0"
"Commission implementing decisions","0","0"
"Total","3","2"
"Total","3"
"Other acts"
"Commission regulations","63","15"
"Commission directives","1","8"
"Commission decisions","53","10"
"European Central Bank regulations","0","0"
"European Central Bank decisions","5","1"
"European Central Bank guidelines****","1","0"
"European Central Bank recommendations","0","0"
"European Central Bank opinions","11","0"
"Total","134","34"
"Total","134"
"Statistics for","2010","12"
"","Adopted acts"
"","Basic","Amending"
"Legislative acts - Ordinary legislative procedure"
"Regulations of the European Parliament and of the Council","3","6"
"Directives of the European Parliament and of the Council","0","1"
"Decisions of the European Parliament and of the Council","0","0"
"Total","3","7"
"Total","3"
"Other legislative acts"
"Council regulations","6","7"
"Council directives","0","1"
"Council decisions","19","6"
"Total","25","14"
"Total","25"
"Non-legislative acts"
"Delegated acts"
"Commission delegated regulations","0","0"
"Commission delegated directives","0","0"
"Commission delegated decisions","0","0"
"Total","0","0"
"Total","0"
"Implementing acts"
"Council implementing regulations","5","1"
"Council implementing decisions","1","0"
"Commission implementing regulations","0","0"
"Commission implementing directives","0","0"
"Commission implementing decisions","0","0"
"Total","6","1"
"Total","6"
"Other acts"
"Commission regulations","64","22"
"Commission directives","1","6"
"Commission decisions","53","13"
"European Central Bank regulations","0","0"
"European Central Bank decisions","7","1"
"European Central Bank guidelines****","0","1"
"European Central Bank recommendations","0","0"
"European Central Bank opinions","10","0"
"Total","135","43"
"Total","135"
"Statistics for","2011","1"
"","Adopted acts"
"","Basic","Amending"
"Legislative acts - Ordinary legislative procedure"
"Regulations of the European Parliament and of the Council","0","0"
"Directives of the European Parliament and of the Council","0","0"
"Decisions of the European Parliament and of the Council","0","0"
"Total","0","0"
"Total","0"
"Other legislative acts"
"Council regulations","1","1"
"Council directives","0","0"
"Council decisions","15","5"
"Total","16","6"
"Total","16"
"Non-legislative acts"
"Delegated acts"
"Commission delegated regulations","0","0"
"Commission delegated directives","0","0"
"Commission delegated decisions","0","0"
"Total","0","0"
"Total","0"
"Implementing acts"
"Council implementing regulations","1","4"
"Council implementing decisions","1","1"
"Commission implementing regulations","0","0"
"Commission implementing directives","0","0"
"Commission implementing decisions","0","0"
"Total","2","5"
"Total","2"
"Other acts"
"Commission regulations","25","9"
"Commission directives","0","7"
"Commission decisions","43","5"
"European Central Bank regulations","0","0"
"European Central Bank decisions","0","0"
"European Central Bank guidelines****","0","0"
"European Central Bank recommendations","0","0"
"European Central Bank opinions","6","0"
"Total","74","21"
"Total","74"
"Statistics for","2011","2"
"","Adopted acts"
"","Basic","Amending"
"Legislative acts - Ordinary legislative procedure"
"Regulations of the European Parliament and of the Council","3","0"
"Directives of the European Parliament and of the Council","1","0"
"Decisions of the European Parliament and of the Council","0","0"
"Total","4","0"
"Total","4"
"Other legislative acts"
"Council regulations","2","1"
"Council directives","1","0"
"Council decisions","16","3"
"Total","19","4"
"Total","19"
"Non-legislative acts"
"Delegated acts"
"Commission delegated regulations","0","0"
"Commission delegated directives","0","0"
"Commission delegated decisions","0","0"
"Total","0","0"
"Total","0"
"Implementing acts"
"Council implementing regulations","1","2"
"Council implementing decisions","0","1"
"Commission implementing regulations","0","0"
"Commission implementing directives","0","0"
"Commission implementing decisions","0","0"
"Total","1","3"
"Total","1"
"Other acts"
"Commission regulations","46","20"
"Commission directives","4","3"
"Commission decisions","47","11"
"European Central Bank regulations","0","0"
"European Central Bank decisions","0","0"
"European Central Bank guidelines****","0","0"
"European Central Bank recommendations","1","0"
"European Central Bank opinions","9","0"
"Total","107","34"
"Total","107"
"Statistics for","2011","3"
"","Adopted acts"
"","Basic","Amending"
"Legislative acts - Ordinary legislative procedure"
"Regulations of the European Parliament and of the Council","2","1"
"Directives of the European Parliament and of the Council","2","0"
"Decisions of the European Parliament and of the Council","0","0"
"Total","4","1"
"Total","4"
"Other legislative acts"
"Council regulations","3","2"
"Council directives","0","0"
"Council decisions","30","9"
"Total","33","11"
"Total","33"
"Non-legislative acts"
"Delegated acts"
"Commission delegated regulations","0","0"
"Commission delegated directives","0","0"
"Commission delegated decisions","0","0"
"Total","0","0"
"Total","0"
"Implementing acts"
"Council implementing regulations","3","3"
"Council implementing decisions","0","3"
"Commission implementing regulations","15","4"
"Commission implementing directives","0","0"
"Commission implementing decisions","1","1"
"Total","19","11"
"Total","19"
"Other acts"
"Commission regulations","22","19"
"Commission directives","0","17"
"Commission decisions","48","9"
"European Central Bank regulations","0","0"
"European Central Bank decisions","1","0"
"European Central Bank guidelines****","1","1"
"European Central Bank recommendations","0","0"
"European Central Bank opinions","12","0"
"Total","84","46"
"Total","84"
"Statistics for","2011","4"
"","Adopted acts"
"","Basic","Amending"
"Legislative acts - Ordinary legislative procedure"
"Regulations of the European Parliament and of the Council","1","1"
"Directives of the European Parliament and of the Council","2","0"
"Decisions of the European Parliament and of the Council","0","0"
"Total","3","1"
"Total","3"
"Other legislative acts"
"Council regulations","1","2"
"Council directives","0","0"
"Council decisions","10","2"
"Total","11","4"
"Total","11"
"Non-legislative acts"
"Delegated acts"
"Commission delegated regulations","0","0"
"Commission delegated directives","0","0"
"Commission delegated decisions","0","0"
"Total","0","0"
"Total","0"
"Implementing acts"
"Council implementing regulations","1","3"
"Council implementing decisions","0","3"
"Commission implementing regulations","19","16"
"Commission implementing directives","4","15"
"Commission implementing decisions","10","2"
"Total","34","39"
"Total","34"
"Other acts"
"Commission regulations","10","11"
"Commission directives","0","0"
"Commission decisions","42","7"
"European Central Bank regulations","0","0"
"European Central Bank decisions","1","0"
"European Central Bank guidelines****","0","0"
"European Central Bank recommendations","0","0"
"European Central Bank opinions","13","0"
"Total","66","18"
"Total","66"
"Statistics for","2011","5"
"","Adopted acts"
"","Basic","Amending"
"Legislative acts - Ordinary legislative procedure"
"Regulations of the European Parliament and of the Council","2","2"
"Directives of the European Parliament and of the Council","0","1"
"Decisions of the European Parliament and of the Council","0","0"
"Total","2","3"
"Total","2"
"Other legislative acts"
"Council regulations","1","0"
"Council directives","0","0"
"Council decisions","23","5"
"Total","24","5"
"Total","24"
"Non-legislative acts"
"Delegated acts"
"Commission delegated regulations","1","0"
"Commission delegated directives","0","0"
"Commission delegated decisions","0","0"
"Total","1","0"
"Total","1"
"Implementing acts"
"Council implementing regulations","9","6"
"Council implementing decisions","1","5"
"Commission implementing regulations","17","17"
"Commission implementing directives","0","1"
"Commission implementing decisions","5","3"
"Total","32","32"
"Total","32"
"Other acts"
"Commission regulations","12","6"
"Commission directives","1","1"
"Commission decisions","32","2"
"European Central Bank regulations","0","0"
"European Central Bank decisions","1","0"
"European Central Bank guidelines****","0","0"
"European Central Bank recommendations","0","0"
"European Central Bank opinions","6","0"
"Total","52","9"
"Total","52"
"Statistics for","2011","6"
"","Adopted acts"
"","Basic","Amending"
"Legislative acts - Ordinary legislative procedure"
"Regulations of the European Parliament and of the Council","0","3"
"Directives of the European Parliament and of the Council","3","0"
"Decisions of the European Parliament and of the Council","0","0"
"Total","3","3"
"Total","3"
"Other legislative acts"
"Council regulations","2","5"
"Council directives","1","0"
"Council decisions","20","5"
"Total","23","10"
"Total","23"
"Non-legislative acts"
"Delegated acts"
"Commission delegated regulations","0","0"
"Commission delegated directives","0","0"
"Commission delegated decisions","0","0"
"Total","0","0"
"Total","0"
"Implementing acts"
"Council implementing regulations","2","4"
"Council implementing decisions","2","3"
"Commission implementing regulations","12","21"
"Commission implementing directives","0","0"
"Commission implementing decisions","6","6"
"Total","22","34"
"Total","22"
"Other acts"
"Commission regulations","15","3"
"Commission directives","0","1"
"Commission decisions","51","2"
"European Central Bank regulations","0","0"
"European Central Bank decisions","1","0"
"European Central Bank guidelines****","0","1"
"European Central Bank recommendations","1","0"
"European Central Bank opinions","9","0"
"Total","77","7"
"Total","77"
"Statistics for","2011","7"
"","Adopted acts"
"","Basic","Amending"
"Legislative acts - Ordinary legislative procedure"
"Regulations of the European Parliament and of the Council","2","1"
"Directives of the European Parliament and of the Council","0","0"
"Decisions of the European Parliament and of the Council","0","0"
"Total","2","1"
"Total","2"
"Other legislative acts"
"Council regulations","3","1"
"Council directives","1","0"
"Council decisions","41","5"
"Total","45","6"
"Total","45"
"Non-legislative acts"
"Delegated acts"
"Commission delegated regulations","1","0"
"Commission delegated directives","0","0"
"Commission delegated decisions","0","0"
"Total","1","0"
"Total","1"
"Implementing acts"
"Council implementing regulations","2","0"
"Council implementing decisions","1","2"
"Commission implementing regulations","33","20"
"Commission implementing directives","0","1"
"Commission implementing decisions","22","7"
"Total","58","30"
"Total","58"
"Other acts"
"Commission regulations","8","6"
"Commission directives","0","6"
"Commission decisions","45","1"
"European Central Bank regulations","0","0"
"European Central Bank decisions","1","0"
"European Central Bank guidelines****","0","0"
"European Central Bank recommendations","0","0"
"European Central Bank opinions","5","0"
"Total","59","13"
"Total","59"
"Statistics for","2011","8"
"","Adopted acts"
"","Basic","Amending"
"Legislative acts - Ordinary legislative procedure"
"Regulations of the European Parliament and of the Council","0","0"
"Directives of the European Parliament and of the Council","0","0"
"Decisions of the European Parliament and of the Council","0","0"
"Total","0","0"
"Total","0"
"Other legislative acts"
"Council regulations","1","1"
"Council directives","0","0"
"Council decisions","2","3"
"Total","3","4"
"Total","3"
"Non-legislative acts"
"Delegated acts"
"Commission delegated regulations","0","1"
"Commission delegated directives","0","0"
"Commission delegated decisions","0","0"
"Total","0","1"
"Total","0"
"Implementing acts"
"Council implementing regulations","6","3"
"Council implementing decisions","0","3"
"Commission implementing regulations","30","17"
"Commission implementing directives","0","0"
"Commission implementing decisions","10","3"
"Total","46","26"
"Total","46"
"Other acts"
"Commission regulations","16","4"
"Commission directives","0","0"
"Commission decisions","50","2"
"European Central Bank regulations","0","1"
"European Central Bank decisions","0","0"
"European Central Bank guidelines****","0","1"
"European Central Bank recommendations","1","0"
"European Central Bank opinions","7","0"
"Total","74","8"
"Total","74"
"Statistics for","2011","9"
"","Adopted acts"
"","Basic","Amending"
"Legislative acts - Ordinary legislative procedure"
"Regulations of the European Parliament and of the Council","1","2"
"Directives of the European Parliament and of the Council","1","2"
"Decisions of the European Parliament and of the Council","1","0"
"Total","3","4"
"Total","3"
"Other legislative acts"
"Council regulations","1","3"
"Council directives","0","1"
"Council decisions","11","9"
"Total","12","13"
"Total","12"
"Non-legislative acts"
"Delegated acts"
"Commission delegated regulations","0","0"
"Commission delegated directives","0","0"
"Commission delegated decisions","0","0"
"Total","0","0"
"Total","0"
"Implementing acts"
"Council implementing regulations","2","8"
"Council implementing decisions","0","6"
"Commission implementing regulations","23","10"
"Commission implementing directives","0","0"
"Commission implementing decisions","10","1"
"Total","35","25"
"Total","35"
"Other acts"
"Commission regulations","4","3"
"Commission directives","0","5"
"Commission decisions","33","1"
"European Central Bank regulations","0","0"
"European Central Bank decisions","0","0"
"European Central Bank guidelines****","1","0"
"European Central Bank recommendations","0","0"
"European Central Bank opinions","8","0"
"Total","46","9"
"Total","46"
"Statistics for","2011","10"
"","Adopted acts"
"","Basic","Amending"
"Legislative acts - Ordinary legislative procedure"
"Regulations of the European Parliament and of the Council","4","0"
"Directives of the European Parliament and of the Council","2","0"
"Decisions of the European Parliament and of the Council","3","0"
"Total","9","0"
"Total","9"
"Other legislative acts"
"Council regulations","0","6"
"Council directives","0","0"
"Council decisions","19","9"
"Total","19","15"
"Total","19"
"Non-legislative acts"
"Delegated acts"
"Commission delegated regulations","0","0"
"Commission delegated directives","0","0"
"Commission delegated decisions","0","0"
"Total","0","0"
"Total","0"
"Implementing acts"
"Council implementing regulations","2","4"
"Council implementing decisions","0","5"
"Commission implementing regulations","27","18"
"Commission implementing directives","0","0"
"Commission implementing decisions","6","10"
"Total","35","37"
"Total","35"
"Other acts"
"Commission regulations","27","4"
"Commission directives","0","0"
"Commission decisions","28","1"
"European Central Bank regulations","0","0"
"European Central Bank decisions","0","1"
"European Central Bank guidelines****","0","1"
"European Central Bank recommendations","0","0"
"European Central Bank opinions","11","0"
"Total","66","7"
"Total","66"
"Statistics for","2011","11"
"","Adopted acts"
"","Basic","Amending"
"Legislative acts - Ordinary legislative procedure"
"Regulations of the European Parliament and of the Council","6","6"
"Directives of the European Parliament and of the Council","0","3"
"Decisions of the European Parliament and of the Council","2","0"
"Total","8","9"
"Total","8"
"Other legislative acts"
"Council regulations","3","4"
"Council directives","2","0"
"Council decisions","11","5"
"Total","16","9"
"Total","16"
"Non-legislative acts"
"Delegated acts"
"Commission delegated regulations","1","0"
"Commission delegated directives","0","0"
"Commission delegated decisions","0","0"
"Total","1","0"
"Total","1"
"Implementing acts"
"Council implementing regulations","1","1"
"Council implementing decisions","1","2"
"Commission implementing regulations","31","18"
"Commission implementing directives","0","0"
"Commission implementing decisions","29","6"
"Total","62","27"
"Total","62"
"Other acts"
"Commission regulations","19","11"
"Commission directives","1","2"
"Commission decisions","24","3"
"European Central Bank regulations","0","0"
"European Central Bank decisions","2","2"
"European Central Bank guidelines****","0","0"
"European Central Bank recommendations","0","0"
"European Central Bank opinions","9","0"
"Total","55","18"
"Total","55"
"Statistics for","2011","12"
"","Adopted acts"
"","Basic","Amending"
"Legislative acts - Ordinary legislative procedure"
"Regulations of the European Parliament and of the Council","2","9"
"Directives of the European Parliament and of the Council","6","0"
"Decisions of the European Parliament and of the Council","0","0"
"Total","8","9"
"Total","8"
"Other legislative acts"
"Council regulations","5","3"
"Council directives","0","1"
"Council decisions","41","11"
"Total","46","15"
"Total","46"
"Non-legislative acts"
"Delegated acts"
"Commission delegated regulations","0","2"
"Commission delegated directives","0","0"
"Commission delegated decisions","0","0"
"Total","0","2"
"Total","0"
"Implementing acts"
"Council implementing regulations","3","5"
"Council implementing decisions","0","3"
"Commission implementing regulations","36","25"
"Commission implementing directives","0","0"
"Commission implementing decisions","22","14"
"Total","61","47"
"Total","61"
"Other acts"
"Commission regulations","9","3"
"Commission directives","0","1"
"Commission decisions","45","1"
"European Central Bank regulations","0","1"
"European Central Bank decisions","2","0"
"European Central Bank guidelines****","1","1"
"European Central Bank recommendations","2","0"
"European Central Bank opinions","12","0"
"Total","71","7"
"Total","71"
"Statistics for","2012","1"
"","Adopted acts"
"","Basic","Amending"
"Legislative acts - Ordinary legislative procedure"
"Regulations of the European Parliament and of the Council","1","0"
"Directives of the European Parliament and of the Council","0","0"
"Decisions of the European Parliament and of the Council","0","0"
"Total","1","0"
"Total","1"
"Other legislative acts"
"Council regulations","4","1"
"Council directives","0","0"
"Council decisions","14","4"
"Total","18","5"
"Total","18"
"Non-legislative acts"
"Delegated acts"
"Commission delegated regulations","1","4"
"Commission delegated directives","0","0"
"Commission delegated decisions","0","0"
"Total","1","4"
"Total","1"
"Implementing acts"
"Council implementing regulations","4","3"
"Council implementing decisions","1","1"
"Commission implementing regulations","11","12"
"Commission implementing directives","0","1"
"Commission implementing decisions","4","3"
"Total","20","20"
"Total","20"
"Other acts"
"Commission regulations","3","5"
"Commission directives","0","0"
"Commission decisions","20","1"
"European Central Bank regulations","0","0"
"European Central Bank decisions","0","0"
"European Central Bank guidelines****","0","0"
"European Central Bank recommendations","0","0"
"European Central Bank opinions","6","0"
"Total","29","6"
"Total","29"
"Statistics for","2012","2"
"","Adopted acts"
"","Basic","Amending"
"Legislative acts - Ordinary legislative procedure"
"Regulations of the European Parliament and of the Council","0","3"
"Directives of the European Parliament and of the Council","0","0"
"Decisions of the European Parliament and of the Council","0","0"
"Total","0","3"
"Total","0"
"Other legislative acts"
"Council regulations","0","2"
"Council directives","0","0"
"Council decisions","15","4"
"Total","15","6"
"Total","15"
"Non-legislative acts"
"Delegated acts"
"Commission delegated regulations","2","0"
"Commission delegated directives","0","0"
"Commission delegated decisions","0","2"
"Total","2","2"
"Total","2"
"Implementing acts"
"Council implementing regulations","0","2"
"Council implementing decisions","1","3"
"Commission implementing regulations","19","22"
"Commission implementing directives","0","0"
"Commission implementing decisions","22","6"
"Total","42","33"
"Total","42"
"Other acts"
"Commission regulations","3","7"
"Commission directives","0","3"
"Commission decisions","28","0"
"European Central Bank regulations","0","0"
"European Central Bank decisions","0","1"
"European Central Bank guidelines****","0","0"
"European Central Bank recommendations","1","0"
"European Central Bank opinions","10","0"
"Total","42","11"
"Total","42"
"Statistics for","2012","3"
"","Adopted acts"
"","Basic","Amending"
"Legislative acts - Ordinary legislative procedure"
"Regulations of the European Parliament and of the Council","3","2"
"Directives of the European Parliament and of the Council","1","1"
"Decisions of the European Parliament and of the Council","1","1"
"Total","5","4"
"Total","5"
"Other legislative acts"
"Council regulations","1","1"
"Council directives","0","0"
"Council decisions","17","12"
"Total","18","13"
"Total","18"
"Non-legislative acts"
"Delegated acts"
"Commission delegated regulations","5","1"
"Commission delegated directives","0","0"
"Commission delegated decisions","0","0"
"Total","5","1"
"Total","5"
"Implementing acts"
"Council implementing regulations","0","5"
"Council implementing decisions","2","5"
"Commission implementing regulations","25","17"
"Commission implementing directives","0","1"
"Commission implementing decisions","6","3"
"Total","33","31"
"Total","33"
"Other acts"
"Commission regulations","5","10"
"Commission directives","0","3"
"Commission decisions","29","0"
"European Central Bank regulations","0","0"
"European Central Bank decisions","2","1"
"European Central Bank guidelines****","0","0"
"European Central Bank recommendations","1","0"
"European Central Bank opinions","7","0"
"Total","44","14"
"Total","44"
"Statistics for","2012","4"
"","Adopted acts"
"","Basic","Amending"
"Legislative acts - Ordinary legislative procedure"
"Regulations of the European Parliament and of the Council","1","2"
"Directives of the European Parliament and of the Council","0","2"
"Decisions of the European Parliament and of the Council","0","0"
"Total","1","4"
"Total","1"
"Other legislative acts"
"Council regulations","0","1"
"Council directives","0","0"
"Council decisions","17","5"
"Total","17","6"
"Total","17"
"Non-legislative acts"
"Delegated acts"
"Commission delegated regulations","0","1"
"Commission delegated directives","0","0"
"Commission delegated decisions","0","0"
"Total","0","1"
"Total","0"
"Implementing acts"
"Council implementing regulations","2","2"
"Council implementing decisions","1","0"
"Commission implementing regulations","15","23"
"Commission implementing directives","0","0"
"Commission implementing decisions","11","7"
"Total","29","32"
"Total","29"
"Other acts"
"Commission regulations","3","2"
"Commission directives","0","0"
"Commission decisions","22","1"
"European Central Bank regulations","0","0"
"European Central Bank decisions","0","2"
"European Central Bank guidelines****","0","0"
"European Central Bank recommendations","0","0"
"European Central Bank opinions","9","0"
"Total","34","5"
"Total","34"
"Statistics for","2012","5"
"","Adopted acts"
"","Basic","Amending"
"Legislative acts - Ordinary legislative procedure"
"Regulations of the European Parliament and of the Council","1","3"
"Directives of the European Parliament and of the Council","1","0"
"Decisions of the European Parliament and of the Council","0","0"
"Total","2","3"
"Total","2"
"Other legislative acts"
"Council regulations","3","0"
"Council directives","0","0"
"Council decisions","17","2"
"Total","20","2"
"Total","20"
"Non-legislative acts"
"Delegated acts"
"Commission delegated regulations","0","0"
"Commission delegated directives","0","0"
"Commission delegated decisions","0","0"
"Total","0","0"
"Total","0"
"Implementing acts"
"Council implementing regulations","0","3"
"Council implementing decisions","0","1"
"Commission implementing regulations","14","14"
"Commission implementing directives","0","0"
"Commission implementing decisions","6","9"
"Total","20","27"
"Total","20"
"Other acts"
"Commission regulations","11","5"
"Commission directives","0","3"
"Commission decisions","26","0"
"European Central Bank regulations","0","0"
"European Central Bank decisions","0","0"
"European Central Bank guidelines****","0","0"
"European Central Bank recommendations","0","0"
"European Central Bank opinions","12","0"
"Total","49","8"
"Total","49"
"Statistics for","2012","6"
"","Adopted acts"
"","Basic","Amending"
"Legislative acts - Ordinary legislative procedure"
"Regulations of the European Parliament and of the Council","2","3"
"Directives of the European Parliament and of the Council","0","1"
"Decisions of the European Parliament and of the Council","0","0"
"Total","2","4"
"Total","2"
"Other legislative acts"
"Council regulations","1","5"
"Council directives","0","0"
"Council decisions","32","5"
"Total","33","10"
"Total","33"
"Non-legislative acts"
"Delegated acts"
"Commission delegated regulations","2","1"
"Commission delegated directives","0","0"
"Commission delegated decisions","1","0"
"Total","3","1"
"Total","3"
"Implementing acts"
"Council implementing regulations","5","6"
"Council implementing decisions","1","3"
"Commission implementing regulations","22","18"
"Commission implementing directives","0","0"
"Commission implementing decisions","10","2"
"Total","38","29"
"Total","38"
"Other acts"
"Commission regulations","9","14"
"Commission directives","0","0"
"Commission decisions","42","0"
"European Central Bank regulations","0","0"
"European Central Bank decisions","0","2"
"European Central Bank guidelines****","0","0"
"European Central Bank recommendations","1","0"
"European Central Bank opinions","5","0"
"Total","57","16"
"Total","57"
"Statistics for","2012","7"
"","Adopted acts"
"","Basic","Amending"
"Legislative acts - Ordinary legislative procedure"
"Regulations of the European Parliament and of the Council","5","1"
"Directives of the European Parliament and of the Council","2","0"
"Decisions of the European Parliament and of the Council","1","0"
"Total","8","1"
"Total","8"
"Other legislative acts"
"Council regulations","2","5"
"Council directives","0","0"
"Council decisions","41","8"
"Total","43","13"
"Total","43"
"Non-legislative acts"
"Delegated acts"
"Commission delegated regulations","4","0"
"Commission delegated directives","0","0"
"Commission delegated decisions","0","0"
"Total","4","0"
"Total","4"
"Implementing acts"
"Council implementing regulations","2","2"
"Council implementing decisions","1","3"
"Commission implementing regulations","29","15"
"Commission implementing directives","0","0"
"Commission implementing decisions","9","9"
"Total","41","29"
"Total","41"
"Other acts"
"Commission regulations","7","17"
"Commission directives","0","1"
"Commission decisions","50","5"
"European Central Bank regulations","0","0"
"European Central Bank decisions","1","2"
"European Central Bank guidelines****","2","0"
"European Central Bank recommendations","0","0"
"European Central Bank opinions","12","0"
"Total","72","25"
"Total","72"
"Statistics for","2012","8"
"","Adopted acts"
"","Basic","Amending"
"Legislative acts - Ordinary legislative procedure"
"Regulations of the European Parliament and of the Council","0","1"
"Directives of the European Parliament and of the Council","0","0"
"Decisions of the European Parliament and of the Council","0","0"
"Total","0","1"
"Total","0"
"Other legislative acts"
"Council regulations","0","1"
"Council directives","0","0"
"Council decisions","0","2"
"Total","0","3"
"Total","0"
"Non-legislative acts"
"Delegated acts"
"Commission delegated regulations","0","0"
"Commission delegated directives","0","0"
"Commission delegated decisions","0","0"
"Total","0","0"
"Total","0"
"Implementing acts"
"Council implementing regulations","1","4"
"Council implementing decisions","0","2"
"Commission implementing regulations","23","11"
"Commission implementing directives","0","1"
"Commission implementing decisions","6","5"
"Total","30","23"
"Total","30"
"Other acts"
"Commission regulations","11","3"
"Commission directives","0","1"
"Commission decisions","22","3"
"European Central Bank regulations","0","0"
"European Central Bank decisions","0","1"
"European Central Bank guidelines****","1","0"
"European Central Bank recommendations","0","0"
"European Central Bank opinions","6","0"
"Total","40","8"
"Total","40"
"Statistics for","2012","9"
"","Adopted acts"
"","Basic","Amending"
"Legislative acts - Ordinary legislative procedure"
"Regulations of the European Parliament and of the Council","0","0"
"Directives of the European Parliament and of the Council","0","1"
"Decisions of the European Parliament and of the Council","0","0"
"Total","0","1"
"Total","0"
"Other legislative acts"
"Council regulations","0","2"
"Council directives","0","0"
"Council decisions","19","6"
"Total","19","8"
"Total","19"
"Non-legislative acts"
"Delegated acts"
"Commission delegated regulations","0","0"
"Commission delegated directives","0","0"
"Commission delegated decisions","0","0"
"Total","0","0"
"Total","0"
"Implementing acts"
"Council implementing regulations","0","0"
"Council implementing decisions","0","1"
"Commission implementing regulations","17","10"
"Commission implementing directives","0","0"
"Commission implementing decisions","6","2"
"Total","23","13"
"Total","23"
"Other acts"
"Commission regulations","38","5"
"Commission directives","0","0"
"Commission decisions","22","1"
"European Central Bank regulations","0","0"
"European Central Bank decisions","0","1"
"European Central Bank guidelines****","1","0"
"European Central Bank recommendations","2","0"
"European Central Bank opinions","5","0"
"Total","68","7"
"Total","68"
"Statistics for","2012","10"
"","Adopted acts"
"","Basic","Amending"
"Legislative acts - Ordinary legislative procedure"
"Regulations of the European Parliament and of the Council","7","2"
"Directives of the European Parliament and of the Council","4","1"
"Decisions of the European Parliament and of the Council","1","0"
"Total","12","3"
"Total","12"
"Other legislative acts"
"Council regulations","2","3"
"Council directives","0","0"
"Council decisions","22","5"
"Total","24","8"
"Total","24"
"Non-legislative acts"
"Delegated acts"
"Commission delegated regulations","1","0"
"Commission delegated directives","0","2"
"Commission delegated decisions","0","0"
"Total","1","2"
"Total","1"
"Implementing acts"
"Council implementing regulations","2","5"
"Council implementing decisions","1","1"
"Commission implementing regulations","29","15"
"Commission implementing directives","1","1"
"Commission implementing decisions","11","2"
"Total","44","24"
"Total","44"
"Other acts"
"Commission regulations","16","3"
"Commission directives","0","2"
"Commission decisions","21","2"
"European Central Bank regulations","1","0"
"European Central Bank decisions","0","0"
"European Central Bank guidelines****","0","1"
"European Central Bank recommendations","0","0"
"European Central Bank opinions","11","0"
"Total","49","8"
"Total","49"
"Statistics for","2012","11"
"","Adopted acts"
"","Basic","Amending"
"Legislative acts - Ordinary legislative procedure"
"Regulations of the European Parliament and of the Council","1","1"
"Directives of the European Parliament and of the Council","1","2"
"Decisions of the European Parliament and of the Council","0","2"
"Total","2","5"
"Total","2"
"Other legislative acts"
"Council regulations","2","5"
"Council directives","0","0"
"Council decisions","26","5"
"Total","28","10"
"Total","28"
"Non-legislative acts"
"Delegated acts"
"Commission delegated regulations","2","0"
"Commission delegated directives","0","0"
"Commission delegated decisions","0","0"
"Total","2","0"
"Total","2"
"Implementing acts"
"Council implementing regulations","0","4"
"Council implementing decisions","0","2"
"Commission implementing regulations","36","14"
"Commission implementing directives","0","1"
"Commission implementing decisions","21","7"
"Total","57","28"
"Total","57"
"Other acts"
"Commission regulations","18","11"
"Commission directives","0","8"
"Commission decisions","33","1"
"European Central Bank regulations","0","0"
"European Central Bank decisions","1","0"
"European Central Bank guidelines****","0","1"
"European Central Bank recommendations","0","0"
"European Central Bank opinions","17","0"
"Total","69","21"
"Total","69"
"Statistics for","2012","12"
"","Adopted acts"
"","Basic","Amending"
"Legislative acts - Ordinary legislative procedure"
"Regulations of the European Parliament and of the Council","5","2"
"Directives of the European Parliament and of the Council","0","0"
"Decisions of the European Parliament and of the Council","0","0"
"Total","5","2"
"Total","5"
"Other legislative acts"
"Council regulations","9","5"
"Council directives","0","1"
"Council decisions","26","7"
"Total","35","13"
"Total","35"
"Non-legislative acts"
"Delegated acts"
"Commission delegated regulations","8","1"
"Commission delegated directives","0","0"
"Commission delegated decisions","0","0"
"Total","8","1"
"Total","8"
"Implementing acts"
"Council implementing regulations","2","5"
"Council implementing decisions","1","4"
"Commission implementing regulations","25","30"
"Commission implementing directives","1","0"
"Commission implementing decisions","16","17"
"Total","45","56"
"Total","45"
"Other acts"
"Commission regulations","13","9"
"Commission directives","0","5"
"Commission decisions","42","0"
"European Central Bank regulations","0","0"
"European Central Bank decisions","2","4"
"European Central Bank guidelines****","1","1"
"European Central Bank recommendations","0","0"
"European Central Bank opinions","11","0"
"Total","69","19"
"Total","69"
"Statistics for","2013","1"
"","Adopted acts"
"","Basic","Amending"
"Legislative acts - Ordinary legislative procedure"
"Regulations of the European Parliament and of the Council","5","1"
"Directives of the European Parliament and of the Council","0","0"
"Decisions of the European Parliament and of the Council","0","0"
"Total","5","1"
"Total","5"
"Other legislative acts"
"Council regulations","2","2"
"Council directives","0","0"
"Council decisions","15","4"
"Total","17","6"
"Total","17"
"Non-legislative acts"
"Delegated acts"
"Commission delegated regulations","0","2"
"Commission delegated directives","0","0"
"Commission delegated decisions","0","0"
"Total","0","2"
"Total","0"
"Implementing acts"
"Council implementing regulations","2","2"
"Council implementing decisions","2","5"
"Commission implementing regulations","12","22"
"Commission implementing directives","0","0"
"Commission implementing decisions","6","2"
"Total","22","31"
"Total","22"
"Other acts"
"Commission regulations","10","8"
"Commission directives","0","0"
"Commission decisions","21","0"
"European Central Bank regulations","0","0"
"European Central Bank decisions","1","0"
"European Central Bank guidelines****","0","1"
"European Central Bank recommendations","0","0"
"European Central Bank opinions","7","0"
"Total","39","9"
"Total","39"
"Statistics for","2013","2"
"","Adopted acts"
"","Basic","Amending"
"Legislative acts - Ordinary legislative procedure"
"Regulations of the European Parliament and of the Council","1","1"
"Directives of the European Parliament and of the Council","0","0"
"Decisions of the European Parliament and of the Council","0","0"
"Total","1","1"
"Total","1"
"Other legislative acts"
"Council regulations","0","0"
"Council directives","0","0"
"Council decisions","8","3"
"Total","8","3"
"Total","8"
"Non-legislative acts"
"Delegated acts"
"Commission delegated regulations","2","0"
"Commission delegated directives","0","0"
"Commission delegated decisions","0","0"
"Total","2","0"
"Total","2"
"Implementing acts"
"Council implementing regulations","2","0"
"Council implementing decisions","0","0"
"Commission implementing regulations","12","20"
"Commission implementing directives","0","0"
"Commission implementing decisions","11","3"
"Total","25","23"
"Total","25"
"Other acts"
"Commission regulations","4","9"
"Commission directives","0","8"
"Commission decisions","22","0"
"European Central Bank regulations","0","0"
"European Central Bank decisions","0","0"
"European Central Bank guidelines****","0","0"
"European Central Bank recommendations","1","0"
"European Central Bank opinions","8","0"
"Total","35","17"
"Total","35"
"Statistics for","2013","3"
"","Adopted acts"
"","Basic","Amending"
"Legislative acts - Ordinary legislative procedure"
"Regulations of the European Parliament and of the Council","2","1"
"Directives of the European Parliament and of the Council","0","0"
"Decisions of the European Parliament and of the Council","0","2"
"Total","2","3"
"Total","2"
"Other legislative acts"
"Council regulations","2","2"
"Council directives","0","0"
"Council decisions","16","5"
"Total","18","7"
"Total","18"
"Non-legislative acts"
"Delegated acts"
"Commission delegated regulations","0","2"
"Commission delegated directives","0","0"
"Commission delegated decisions","0","0"
"Total","0","2"
"Total","0"
"Implementing acts"
"Council implementing regulations","6","3"
"Council implementing decisions","0","1"
"Commission implementing regulations","37","20"
"Commission implementing directives","0","0"
"Commission implementing decisions","11","2"
"Total","54","26"
"Total","54"
"Other acts"
"Commission regulations","7","15"
"Commission directives","0","2"
"Commission decisions","32","1"
"European Central Bank regulations","0","0"
"European Central Bank decisions","1","1"
"European Central Bank guidelines****","2","0"
"European Central Bank recommendations","0","0"
"European Central Bank opinions","7","0"
"Total","49","19"
"Total","49"
"Statistics for","2013","4"
"","Adopted acts"
"","Basic","Amending"
"Legislative acts - Ordinary legislative procedure"
"Regulations of the European Parliament and of the Council","3","0"
"Directives of the European Parliament and of the Council","0","0"
"Decisions of the European Parliament and of the Council","1","0"
"Total","4","0"
"Total","4"
"Other legislative acts"
"Council regulations","0","1"
"Council directives","0","0"
"Council decisions","16","3"
"Total","16","4"
"Total","16"
"Non-legislative acts"
"Delegated acts"
"Commission delegated regulations","1","1"
"Commission delegated directives","0","0"
"Commission delegated decisions","0","0"
"Total","1","1"
"Total","1"
"Implementing acts"
"Council implementing regulations","1","3"
"Council implementing decisions","3","1"
"Commission implementing regulations","26","16"
"Commission implementing directives","0","0"
"Commission implementing decisions","9","6"
"Total","39","26"
"Total","39"
"Other acts"
"Commission regulations","4","7"
"Commission directives","0","0"
"Commission decisions","24","0"
"European Central Bank regulations","0","0"
"European Central Bank decisions","1","0"
"European Central Bank guidelines****","0","1"
"European Central Bank recommendations","3","0"
"European Central Bank opinions","8","0"
"Total","40","8"
"Total","40"
"Statistics for","2013","5"
"","Adopted acts"
"","Basic","Amending"
"Legislative acts - Ordinary legislative procedure"
"Regulations of the European Parliament and of the Council","6","2"
"Directives of the European Parliament and of the Council","1","1"
"Decisions of the European Parliament and of the Council","1","0"
"Total","8","3"
"Total","8"
"Other legislative acts"
"Council regulations","4","5"
"Council directives","0","13"
"Council decisions","24","2"
"Total","28","20"
"Total","28"
"Non-legislative acts"
"Delegated acts"
"Commission delegated regulations","5","1"
"Commission delegated directives","0","0"
"Commission delegated decisions","0","0"
"Total","5","1"
"Total","5"
"Implementing acts"
"Council implementing regulations","5","3"
"Council implementing decisions","2","2"
"Commission implementing regulations","38","15"
"Commission implementing directives","0","0"
"Commission implementing decisions","10","8"
"Total","55","28"
"Total","55"
"Other acts"
"Commission regulations","5","9"
"Commission directives","0","2"
"Commission decisions","27","0"
"European Central Bank regulations","0","0"
"European Central Bank decisions","1","0"
"European Central Bank guidelines****","0","1"
"European Central Bank recommendations","0","0"
"European Central Bank opinions","8","0"
"Total","41","12"
"Total","41"
"Statistics for","2013","6"
"","Adopted acts"
"","Basic","Amending"
"Legislative acts - Ordinary legislative procedure"
"Regulations of the European Parliament and of the Council","7","4"
"Directives of the European Parliament and of the Council","7","2"
"Decisions of the European Parliament and of the Council","0","0"
"Total","14","6"
"Total","14"
"Other legislative acts"
"Council regulations","0","4"
"Council directives","0","0"
"Council decisions","29","5"
"Total","29","9"
"Total","29"
"Non-legislative acts"
"Delegated acts"
"Commission delegated regulations","0","1"
"Commission delegated directives","0","0"
"Commission delegated decisions","0","0"
"Total","0","1"
"Total","0"
"Implementing acts"
"Council implementing regulations","0","2"
"Council implementing decisions","0","3"
"Commission implementing regulations","34","17"
"Commission implementing directives","0","0"
"Commission implementing decisions","14","11"
"Total","48","33"
"Total","48"
"Other acts"
"Commission regulations","11","9"
"Commission directives","0","0"
"Commission decisions","32","2"
"European Central Bank regulations","0","0"
"European Central Bank decisions","5","2"
"European Central Bank guidelines****","0","0"
"European Central Bank recommendations","0","0"
"European Central Bank opinions","8","0"
"Total","56","13"
"Total","56"
"Statistics for","2013","7"
"","Adopted acts"
"","Basic","Amending"
"Legislative acts - Ordinary legislative procedure"
"Regulations of the European Parliament and of the Council","0","0"
"Directives of the European Parliament and of the Council","0","0"
"Decisions of the European Parliament and of the Council","0","0"
"Total","0","0"
"Total","0"
"Other legislative acts"
"Council regulations","3","8"
"Council directives","0","2"
"Council decisions","33","14"
"Total","36","24"
"Total","36"
"Non-legislative acts"
"Delegated acts"
"Commission delegated regulations","2","2"
"Commission delegated directives","0","0"
"Commission delegated decisions","0","0"
"Total","2","2"
"Total","2"
"Implementing acts"
"Council implementing regulations","2","2"
"Council implementing decisions","1","3"
"Commission implementing regulations","33","13"
"Commission implementing directives","0","0"
"Commission implementing decisions","7","3"
"Total","43","21"
"Total","43"
"Other acts"
"Commission regulations","9","11"
"Commission directives","0","2"
"Commission decisions","39","0"
"European Central Bank regulations","0","0"
"European Central Bank decisions","1","0"
"European Central Bank guidelines****","2","1"
"European Central Bank recommendations","0","0"
"European Central Bank opinions","10","0"
"Total","61","14"
"Total","61"
"Statistics for","2013","8"
"","Adopted acts"
"","Basic","Amending"
"Legislative acts - Ordinary legislative procedure"
"Regulations of the European Parliament and of the Council","0","0"
"Directives of the European Parliament and of the Council","1","2"
"Decisions of the European Parliament and of the Council","1","0"
"Total","2","2"
"Total","2"
"Other legislative acts"
"Council regulations","0","0"
"Council directives","0","0"
"Council decisions","1","0"
"Total","1","0"
"Total","1"
"Non-legislative acts"
"Delegated acts"
"Commission delegated regulations","2","2"
"Commission delegated directives","0","0"
"Commission delegated decisions","0","0"
"Total","2","2"
"Total","2"
"Implementing acts"
"Council implementing regulations","0","0"
"Council implementing decisions","0","0"
"Commission implementing regulations","23","11"
"Commission implementing directives","0","1"
"Commission implementing decisions","8","7"
"Total","31","19"
"Total","31"
"Other acts"
"Commission regulations","23","13"
"Commission directives","0","1"
"Commission decisions","23","0"
"European Central Bank regulations","0","0"
"European Central Bank decisions","5","1"
"European Central Bank guidelines****","0","0"
"European Central Bank recommendations","0","0"
"European Central Bank opinions","12","0"
"Total","63","15"
"Total","63"
"Statistics for","2013","9"
"","Adopted acts"
"","Basic","Amending"
"Legislative acts - Ordinary legislative procedure"
"Regulations of the European Parliament and of the Council","1","0"
"Directives of the European Parliament and of the Council","0","0"
"Decisions of the European Parliament and of the Council","0","0"
"Total","1","0"
"Total","1"
"Other legislative acts"
"Council regulations","0","1"
"Council directives","0","0"
"Council decisions","14","6"
"Total","14","7"
"Total","14"
"Non-legislative acts"
"Delegated acts"
"Commission delegated regulations","2","0"
"Commission delegated directives","0","0"
"Commission delegated decisions","0","0"
"Total","2","0"
"Total","2"
"Implementing acts"
"Council implementing regulations","3","1"
"Council implementing decisions","1","1"
"Commission implementing regulations","22","9"
"Commission implementing directives","0","0"
"Commission implementing decisions","4","2"
"Total","30","13"
"Total","30"
"Other acts"
"Commission regulations","18","1"
"Commission directives","0","0"
"Commission decisions","23","1"
"European Central Bank regulations","2","0"
"European Central Bank decisions","2","0"
"European Central Bank guidelines****","0","1"
"European Central Bank recommendations","1","0"
"European Central Bank opinions","2","0"
"Total","48","3"
"Total","48"
"Statistics for","2013","10"
"","Adopted acts"
"","Basic","Amending"
"Legislative acts - Ordinary legislative procedure"
"Regulations of the European Parliament and of the Council","2","5"
"Directives of the European Parliament and of the Council","1","1"
"Decisions of the European Parliament and of the Council","2","0"
"Total","5","6"
"Total","5"
"Other legislative acts"
"Council regulations","2","1"
"Council directives","1","0"
"Council decisions","20","3"
"Total","23","4"
"Total","23"
"Non-legislative acts"
"Delegated acts"
"Commission delegated regulations","3","2"
"Commission delegated directives","0","16"
"Commission delegated decisions","0","0"
"Total","3","18"
"Total","3"
"Implementing acts"
"Council implementing regulations","1","2"
"Council implementing decisions","1","1"
"Commission implementing regulations","45","18"
"Commission implementing directives","0","0"
"Commission implementing decisions","12","8"
"Total","59","29"
"Total","59"
"Other acts"
"Commission regulations","18","10"
"Commission directives","0","3"
"Commission decisions","30","1"
"European Central Bank regulations","3","0"
"European Central Bank decisions","1","0"
"European Central Bank guidelines****","0","0"
"European Central Bank recommendations","0","0"
"European Central Bank opinions","4","0"
"Total","56","14"
"Total","56"
"Statistics for","2013","11"
"","Adopted acts"
"","Basic","Amending"
"Legislative acts - Ordinary legislative procedure"
"Regulations of the European Parliament and of the Council","2","3"
"Directives of the European Parliament and of the Council","2","2"
"Decisions of the European Parliament and of the Council","1","0"
"Total","5","5"
"Total","5"
"Other legislative acts"
"Council regulations","3","2"
"Council directives","0","0"
"Council decisions","21","4"
"Total","24","6"
"Total","24"
"Non-legislative acts"
"Delegated acts"
"Commission delegated regulations","3","1"
"Commission delegated directives","0","0"
"Commission delegated decisions","0","0"
"Total","3","1"
"Total","3"
"Implementing acts"
"Council implementing regulations","2","2"
"Council implementing decisions","5","3"
"Commission implementing regulations","89","16"
"Commission implementing directives","0","1"
"Commission implementing decisions","27","5"
"Total","123","27"
"Total","123"
"Other acts"
"Commission regulations","9","10"
"Commission directives","0","0"
"Commission decisions","28","0"
"European Central Bank regulations","1","0"
"European Central Bank decisions","0","0"
"European Central Bank guidelines****","0","1"
"European Central Bank recommendations","2","0"
"European Central Bank opinions","7","0"
"Total","47","11"
"Total","47"
"Statistics for","2013","12"
"","Adopted acts"
"","Basic","Amending"
"Legislative acts - Ordinary legislative procedure"
"Regulations of the European Parliament and of the Council","27","8"
"Directives of the European Parliament and of the Council","0","1"
"Decisions of the European Parliament and of the Council","3","1"
"Total","30","10"
"Total","30"
"Other legislative acts"
"Council regulations","17","5"
"Council directives","1","2"
"Council decisions","27","6"
"Total","45","13"
"Total","45"
"Non-legislative acts"
"Delegated acts"
"Commission delegated regulations","4","2"
"Commission delegated directives","0","0"
"Commission delegated decisions","0","0"
"Total","4","2"
"Total","4"
"Implementing acts"
"Council implementing regulations","5","1"
"Council implementing decisions","2","0"
"Commission implementing regulations","32","17"
"Commission implementing directives","0","1"
"Commission implementing decisions","33","8"
"Total","72","27"
"Total","72"
"Other acts"
"Commission regulations","20","12"
"Commission directives","0","0"
"Commission decisions","49","3"
"European Central Bank regulations","0","0"
"European Central Bank decisions","3","1"
"European Central Bank guidelines****","0","1"
"European Central Bank recommendations","1","0"
"European Central Bank opinions","15","0"
"Total","88","17"
"Total","88"
"Statistics for","2014","1"
"","Adopted acts"
"","Basic","Amending"
"Legislative acts - Ordinary legislative procedure"
"Regulations of the European Parliament and of the Council","0","2"
"Directives of the European Parliament and of the Council","0","0"
"Decisions of the European Parliament and of the Council","0","0"
"Total","0","2"
"Total","0"
"Other legislative acts"
"Council regulations","2","2"
"Council directives","0","0"
"Council decisions","18","5"
"Total","20","7"
"Total","20"
"Non-legislative acts"
"Delegated acts"
"Commission delegated regulations","3","2"
"Commission delegated directives","0","0"
"Commission delegated decisions","0","0"
"Total","3","2"
"Total","3"
"Implementing acts"
"Council implementing regulations","0","3"
"Council implementing decisions","0","3"
"Commission implementing regulations","17","11"
"Commission implementing directives","0","0"
"Commission implementing decisions","4","1"
"Total","21","18"
"Total","21"
"Other acts"
"Commission regulations","6","16"
"Commission directives","1","0"
"Commission decisions","30","0"
"European Central Bank regulations","0","0"
"European Central Bank decisions","1","1"
"European Central Bank guidelines****","0","0"
"European Central Bank recommendations","1","0"
"European Central Bank opinions","8","0"
"Total","47","17"
"Total","47"
"Statistics for","2014","2"
"","Adopted acts"
"","Basic","Amending"
"Legislative acts - Ordinary legislative procedure"
"Regulations of the European Parliament and of the Council","5","6"
"Directives of the European Parliament and of the Council","14","1"
"Decisions of the European Parliament and of the Council","0","0"
"Total","19","7"
"Total","19"
"Other legislative acts"
"Council regulations","0","2"
"Council directives","0","0"
"Council decisions","26","4"
"Total","26","6"
"Total","26"
"Non-legislative acts"
"Delegated acts"
"Commission delegated regulations","6","3"
"Commission delegated directives","0","0"
"Commission delegated decisions","0","0"
"Total","6","3"
"Total","6"
"Implementing acts"
"Council implementing regulations","3","1"
"Council implementing decisions","2","1"
"Commission implementing regulations","39","12"
"Commission implementing directives","2","3"
"Commission implementing decisions","11","8"
"Total","57","25"
"Total","57"
"Other acts"
"Commission regulations","4","10"
"Commission directives","0","0"
"Commission decisions","35","1"
"European Central Bank regulations","0","0"
"European Central Bank decisions","4","0"
"European Central Bank guidelines****","1","0"
"European Central Bank recommendations","1","0"
"European Central Bank opinions","11","0"
"Total","56","11"
"Total","56"
"Statistics for","2014","3"
"","Adopted acts"
"","Basic","Amending"
"Legislative acts - Ordinary legislative procedure"
"Regulations of the European Parliament and of the Council","12","3"
"Directives of the European Parliament and of the Council","0","0"
"Decisions of the European Parliament and of the Council","0","0"
"Total","12","3"
"Total","12"
"Other legislative acts"
"Council regulations","3","4"
"Council directives","0","1"
"Council decisions","19","7"
"Total","22","12"
"Total","22"
"Non-legislative acts"
"Delegated acts"
"Commission delegated regulations","25","7"
"Commission delegated directives","0","8"
"Commission delegated decisions","1","0"
"Total","26","15"
"Total","26"
"Implementing acts"
"Council implementing regulations","0","4"
"Council implementing decisions","2","4"
"Commission implementing regulations","30","12"
"Commission implementing directives","0","0"
"Commission implementing decisions","15","8"
"Total","47","28"
"Total","47"
"Other acts"
"Commission regulations","5","18"
"Commission directives","0","4"
"Commission decisions","29","0"
"European Central Bank regulations","0","0"
"European Central Bank decisions","0","1"
"European Central Bank guidelines****","0","2"
"European Central Bank recommendations","2","0"
"European Central Bank opinions","4","0"
"Total","40","25"
"Total","40"
"Statistics for","2014","4"
"","Adopted acts"
"","Basic","Amending"
"Legislative acts - Ordinary legislative procedure"
"Regulations of the European Parliament and of the Council","20","7"
"Directives of the European Parliament and of the Council","11","4"
"Decisions of the European Parliament and of the Council","4","0"
"Total","35","11"
"Total","35"
"Other legislative acts"
"Council regulations","1","2"
"Council directives","0","0"
"Council decisions","28","8"
"Total","29","10"
"Total","29"
"Non-legislative acts"
"Delegated acts"
"Commission delegated regulations","0","0"
"Commission delegated directives","0","0"
"Commission delegated decisions","0","0"
"Total","0","0"
"Total","0"
"Implementing acts"
"Council implementing regulations","2","4"
"Council implementing decisions","2","3"
"Commission implementing regulations","36","21"
"Commission implementing directives","1","0"
"Commission implementing decisions","20","3"
"Total","61","31"
"Total","61"
"Other acts"
"Commission regulations","5","8"
"Commission directives","0","0"
"Commission decisions","19","0"
"European Central Bank regulations","1","1"
"European Central Bank decisions","1","0"
"European Central Bank guidelines****","1","0"
"European Central Bank recommendations","2","0"
"European Central Bank opinions","7","0"
"Total","36","9"
"Total","36"
"Statistics for","2014","5"
"","Adopted acts"
"","Basic","Amending"
"Legislative acts - Ordinary legislative procedure"
"Regulations of the European Parliament and of the Council","7","13"
"Directives of the European Parliament and of the Council","8","2"
"Decisions of the European Parliament and of the Council","9","0"
"Total","24","15"
"Total","24"
"Other legislative acts"
"Council regulations","8","4"
"Council directives","0","0"
"Council decisions","29","7"
"Total","37","11"
"Total","37"
"Non-legislative acts"
"Delegated acts"
"Commission delegated regulations","2","1"
"Commission delegated directives","0","0"
"Commission delegated decisions","0","0"
"Total","2","1"
"Total","2"
"Implementing acts"
"Council implementing regulations","0","4"
"Council implementing decisions","1","2"
"Commission implementing regulations","23","7"
"Commission implementing directives","0","0"
"Commission implementing decisions","8","5"
"Total","32","18"
"Total","32"
"Other acts"
"Commission regulations","2","10"
"Commission directives","0","0"
"Commission decisions","27","1"
"European Central Bank regulations","0","0"
"European Central Bank decisions","0","0"
"European Central Bank guidelines****","0","0"
"European Central Bank recommendations","0","0"
"European Central Bank opinions","10","0"
"Total","39","11"
"Total","39"
"Statistics for","2014","6"
"","Adopted acts"
"","Basic","Amending"
"Legislative acts - Ordinary legislative procedure"
"Regulations of the European Parliament and of the Council","0","0"
"Directives of the European Parliament and of the Council","0","0"
"Decisions of the European Parliament and of the Council","0","0"
"Total","0","0"
"Total","0"
"Other legislative acts"
"Council regulations","3","4"
"Council directives","0","0"
"Council decisions","46","7"
"Total","49","11"
"Total","49"
"Non-legislative acts"
"Delegated acts"
"Commission delegated regulations","2","0"
"Commission delegated directives","0","0"
"Commission delegated decisions","0","0"
"Total","2","0"
"Total","2"
"Implementing acts"
"Council implementing regulations","0","4"
"Council implementing decisions","0","2"
"Commission implementing regulations","28","21"
"Commission implementing directives","0","2"
"Commission implementing decisions","17","6"
"Total","45","35"
"Total","45"
"Other acts"
"Commission regulations","6","19"
"Commission directives","0","6"
"Commission decisions","39","3"
"European Central Bank regulations","1","0"
"European Central Bank decisions","1","2"
"European Central Bank guidelines****","0","3"
"European Central Bank recommendations","0","0"
"European Central Bank opinions","9","0"
"Total","56","33"
"Total","56"
"Statistics for","2014","7"
"","Adopted acts"
"","Basic","Amending"
"Legislative acts - Ordinary legislative procedure"
"Regulations of the European Parliament and of the Council","5","0"
"Directives of the European Parliament and of the Council","3","1"
"Decisions of the European Parliament and of the Council","0","0"
"Total","8","1"
"Total","8"
"Other legislative acts"
"Council regulations","4","6"
"Council directives","0","2"
"Council decisions","35","16"
"Total","39","24"
"Total","39"
"Non-legislative acts"
"Delegated acts"
"Commission delegated regulations","10","7"
"Commission delegated directives","0","0"
"Commission delegated decisions","0","0"
"Total","10","7"
"Total","10"
"Implementing acts"
"Council implementing regulations","1","7"
"Council implementing decisions","0","3"
"Commission implementing regulations","39","8"
"Commission implementing directives","0","0"
"Commission implementing decisions","18","7"
"Total","58","25"
"Total","58"
"Other acts"
"Commission regulations","16","2"
"Commission directives","1","2"
"Commission decisions","65","0"
"European Central Bank regulations","1","1"
"European Central Bank decisions","2","1"
"European Central Bank guidelines****","1","0"
"European Central Bank recommendations","0","0"
"European Central Bank opinions","12","0"
"Total","98","6"
"Total","98"
"Statistics for","2014","8"
"","Adopted acts"
"","Basic","Amending"
"Legislative acts - Ordinary legislative procedure"
"Regulations of the European Parliament and of the Council","0","0"
"Directives of the European Parliament and of the Council","0","0"
"Decisions of the European Parliament and of the Council","0","0"
"Total","0","0"
"Total","0"
"Other legislative acts"
"Council regulations","0","0"
"Council directives","0","0"
"Council decisions","0","0"
"Total","0","0"
"Total","0"
"Non-legislative acts"
"Delegated acts"
"Commission delegated regulations","4","2"
"Commission delegated directives","0","0"
"Commission delegated decisions","0","0"
"Total","4","2"
"Total","4"
"Implementing acts"
"Council implementing regulations","0","0"
"Council implementing decisions","0","0"
"Commission implementing regulations","41","14"
"Commission implementing directives","0","0"
"Commission implementing decisions","4","2"
"Total","45","16"
"Total","45"
"Other acts"
"Commission regulations","2","5"
"Commission directives","0","0"
"Commission decisions","20","0"
"European Central Bank regulations","0","0"
"European Central Bank decisions","3","0"
"European Central Bank guidelines****","0","0"
"European Central Bank recommendations","0","0"
"European Central Bank opinions","4","0"
"Total","29","5"
"Total","29"
"Statistics for","2014","9"
"","Adopted acts"
"","Basic","Amending"
"Legislative acts - Ordinary legislative procedure"
"Regulations of the European Parliament and of the Council","0","0"
"Directives of the European Parliament and of the Council","0","0"
"Decisions of the European Parliament and of the Council","0","0"
"Total","0","0"
"Total","0"
"Other legislative acts"
"Council regulations","0","3"
"Council directives","0","0"
"Council decisions","23","7"
"Total","23","10"
"Total","23"
"Non-legislative acts"
"Delegated acts"
"Commission delegated regulations","9","1"
"Commission delegated directives","0","0"
"Commission delegated decisions","0","0"
"Total","9","1"
"Total","9"
"Implementing acts"
"Council implementing regulations","0","2"
"Council implementing decisions","2","1"
"Commission implementing regulations","23","13"
"Commission implementing directives","0","0"
"Commission implementing decisions","8","2"
"Total","33","18"
"Total","33"
"Other acts"
"Commission regulations","14","6"
"Commission directives","0","0"
"Commission decisions","35","0"
"European Central Bank regulations","0","0"
"European Central Bank decisions","1","1"
"European Central Bank guidelines****","0","0"
"European Central Bank recommendations","0","0"
"European Central Bank opinions","5","0"
"Total","55","7"
"Total","55"
"Statistics for","2014","10"
"","Adopted acts"
"","Basic","Amending"
"Legislative acts - Ordinary legislative procedure"
"Regulations of the European Parliament and of the Council","4","1"
"Directives of the European Parliament and of the Council","1","1"
"Decisions of the European Parliament and of the Council","0","0"
"Total","5","2"
"Total","5"
"Other legislative acts"
"Council regulations","2","2"
"Council directives","0","0"
"Council decisions","31","6"
"Total","33","8"
"Total","33"
"Non-legislative acts"
"Delegated acts"
"Commission delegated regulations","15","6"
"Commission delegated directives","0","2"
"Commission delegated decisions","0","0"
"Total","15","8"
"Total","15"
"Implementing acts"
"Council implementing regulations","0","5"
"Council implementing decisions","2","3"
"Commission implementing regulations","29","19"
"Commission implementing directives","3","0"
"Commission implementing decisions","18","7"
"Total","52","34"
"Total","52"
"Other acts"
"Commission regulations","36","17"
"Commission directives","0","3"
"Commission decisions","46","0"
"European Central Bank regulations","1","0"
"European Central Bank decisions","2","0"
"European Central Bank guidelines****","0","0"
"European Central Bank recommendations","0","0"
"European Central Bank opinions","8","0"
"Total","93","20"
"Total","93"
"Statistics for","2014","11"
"","Adopted acts"
"","Basic","Amending"
"Legislative acts - Ordinary legislative procedure"
"Regulations of the European Parliament and of the Council","1","0"
"Directives of the European Parliament and of the Council","1","0"
"Decisions of the European Parliament and of the Council","0","0"
"Total","2","0"
"Total","2"
"Other legislative acts"
"Council regulations","2","0"
"Council directives","0","1"
"Council decisions","27","6"
"Total","29","7"
"Total","29"
"Non-legislative acts"
"Delegated acts"
"Commission delegated regulations","3","3"
"Commission delegated directives","0","0"
"Commission delegated decisions","0","0"
"Total","3","3"
"Total","3"
"Implementing acts"
"Council implementing regulations","0","3"
"Council implementing decisions","2","1"
"Commission implementing regulations","20","15"
"Commission implementing directives","0","0"
"Commission implementing decisions","13","15"
"Total","35","34"
"Total","35"
"Other acts"
"Commission regulations","18","2"
"Commission directives","0","1"
"Commission decisions","32","0"
"European Central Bank regulations","2","0"
"European Central Bank decisions","2","2"
"European Central Bank guidelines****","1","2"
"European Central Bank recommendations","0","0"
"European Central Bank opinions","5","0"
"Total","60","7"
"Total","60"
"Statistics for","2014","12"
"","Adopted acts"
"","Basic","Amending"
"Legislative acts - Ordinary legislative procedure"
"Regulations of the European Parliament and of the Council","1","1"
"Directives of the European Parliament and of the Council","0","0"
"Decisions of the European Parliament and of the Council","0","0"
"Total","1","1"
"Total","1"
"Other legislative acts"
"Council regulations","4","6"
"Council directives","1","1"
"Council decisions","31","8"
"Total","36","15"
"Total","36"
"Non-legislative acts"
"Delegated acts"
"Commission delegated regulations","9","1"
"Commission delegated directives","0","0"
"Commission delegated decisions","0","0"
"Total","9","1"
"Total","9"
"Implementing acts"
"Council implementing regulations","1","2"
"Council implementing decisions","2","5"
"Commission implementing regulations","19","21"
"Commission implementing directives","0","2"
"Commission implementing decisions","27","8"
"Total","49","38"
"Total","49"
"Other acts"
"Commission regulations","10","11"
"Commission directives","1","2"
"Commission decisions","35","1"
"European Central Bank regulations","0","2"
"European Central Bank decisions","5","2"
"European Central Bank guidelines****","1","1"
"European Central Bank recommendations","1","0"
"European Central Bank opinions","9","0"
"Total","62","19"
"Total","62"
"Statistics for","2015","1"
"","Adopted acts"
"","Basic","Amending"
"Legislative acts - Ordinary legislative procedure"
"Regulations of the European Parliament and of the Council","0","0"
"Directives of the European Parliament and of the Council","0","0"
"Decisions of the European Parliament and of the Council","0","0"
"Total","0","0"
"Total","0"
"Other legislative acts"
"Council regulations","2","2"
"Council directives","0","1"
"Council decisions","9","2"
"Total","11","5"
"Total","11"
"Non-legislative acts"
"Delegated acts"
"Commission delegated regulations","0","1"
"Commission delegated directives","0","2"
"Commission delegated decisions","0","0"
"Total","0","3"
"Total","0"
"Implementing acts"
"Council implementing regulations","0","3"
"Council implementing decisions","0","4"
"Commission implementing regulations","23","14"
"Commission implementing directives","0","0"
"Commission implementing decisions","7","2"
"Total","30","23"
"Total","30"
"Other acts"
"Commission regulations","10","5"
"Commission directives","0","0"
"Commission decisions","27","1"
"European Central Bank regulations","0","0"
"European Central Bank decisions","0","1"
"European Central Bank guidelines****","0","0"
"European Central Bank recommendations","1","0"
"European Central Bank opinions","3","0"
"Total","41","7"
"Total","41"
"Statistics for","2015","2"
"","Adopted acts"
"","Basic","Amending"
"Legislative acts - Ordinary legislative procedure"
"Regulations of the European Parliament and of the Council","0","0"
"Directives of the European Parliament and of the Council","1","0"
"Decisions of the European Parliament and of the Council","0","0"
"Total","1","0"
"Total","1"
"Other legislative acts"
"Council regulations","0","2"
"Council directives","0","0"
"Council decisions","15","5"
"Total","15","7"
"Total","15"
"Non-legislative acts"
"Delegated acts"
"Commission delegated regulations","1","3"
"Commission delegated directives","0","0"
"Commission delegated decisions","0","0"
"Total","1","3"
"Total","1"
"Implementing acts"
"Council implementing regulations","0","2"
"Council implementing decisions","1","0"
"Commission implementing regulations","32","19"
"Commission implementing directives","0","0"
"Commission implementing decisions","13","16"
"Total","46","37"
"Total","46"
"Other acts"
"Commission regulations","3","10"
"Commission directives","0","0"
"Commission decisions","14","2"
"European Central Bank regulations","0","0"
"European Central Bank decisions","4","2"
"European Central Bank guidelines****","0","0"
"European Central Bank recommendations","1","0"
"European Central Bank opinions","4","0"
"Total","26","14"
"Total","26"
"Statistics for","2015","3"
"","Adopted acts"
"","Basic","Amending"
"Legislative acts - Ordinary legislative procedure"
"Regulations of the European Parliament and of the Council","5","0"
"Directives of the European Parliament and of the Council","2","0"
"Decisions of the European Parliament and of the Council","0","0"
"Total","7","0"
"Total","7"
"Other legislative acts"
"Council regulations","2","4"
"Council directives","0","0"
"Council decisions","27","9"
"Total","29","13"
"Total","29"
"Non-legislative acts"
"Delegated acts"
"Commission delegated regulations","1","5"
"Commission delegated directives","0","1"
"Commission delegated decisions","0","0"
"Total","1","6"
"Total","1"
"Implementing acts"
"Council implementing regulations","1","6"
"Council implementing decisions","1","3"
"Commission implementing regulations","45","17"
"Commission implementing directives","0","0"
"Commission implementing decisions","10","4"
"Total","57","30"
"Total","57"
"Other acts"
"Commission regulations","7","12"
"Commission directives","0","0"
"Commission decisions","40","3"
"European Central Bank regulations","1","0"
"European Central Bank decisions","2","0"
"European Central Bank guidelines****","2","0"
"European Central Bank recommendations","1","0"
"European Central Bank opinions","6","0"
"Total","59","15"
"Total","59"
"Statistics for","2015","4"
"","Adopted acts"
"","Basic","Amending"
"Legislative acts - Ordinary legislative procedure"
"Regulations of the European Parliament and of the Council","8","2"
"Directives of the European Parliament and of the Council","0","2"
"Decisions of the European Parliament and of the Council","1","0"
"Total","9","4"
"Total","9"
"Other legislative acts"
"Council regulations","0","4"
"Council directives","2","0"
"Council decisions","17","4"
"Total","19","8"
"Total","19"
"Non-legislative acts"
"Delegated acts"
"Commission delegated regulations","5","3"
"Commission delegated directives","0","0"
"Commission delegated decisions","0","0"
"Total","5","3"
"Total","5"
"Implementing acts"
"Council implementing regulations","0","3"
"Council implementing decisions","0","1"
"Commission implementing regulations","18","11"
"Commission implementing directives","0","0"
"Commission implementing decisions","29","4"
"Total","47","19"
"Total","47"
"Other acts"
"Commission regulations","6","9"
"Commission directives","1","3"
"Commission decisions","27","2"
"European Central Bank regulations","0","1"
"European Central Bank decisions","2","0"
"European Central Bank guidelines****","0","3"
"European Central Bank recommendations","0","0"
"European Central Bank opinions","1","0"
"Total","37","18"
"Total","37"
"Statistics for","2015","5"
"","Adopted acts"
"","Basic","Amending"
"Legislative acts - Ordinary legislative procedure"
"Regulations of the European Parliament and of the Council","2","2"
"Directives of the European Parliament and of the Council","1","0"
"Decisions of the European Parliament and of the Council","0","0"
"Total","3","2"
"Total","3"
"Other legislative acts"
"Council regulations","3","3"
"Council directives","0","0"
"Council decisions","25","5"
"Total","28","8"
"Total","28"
"Non-legislative acts"
"Delegated acts"
"Commission delegated regulations","3","2"
"Commission delegated directives","0","0"
"Commission delegated decisions","0","0"
"Total","3","2"
"Total","3"
"Implementing acts"
"Council implementing regulations","0","3"
"Council implementing decisions","0","1"
"Commission implementing regulations","29","10"
"Commission implementing directives","0","0"
"Commission implementing decisions","6","4"
"Total","35","18"
"Total","35"
"Other acts"
"Commission regulations","2","5"
"Commission directives","1","0"
"Commission decisions","25","2"
"European Central Bank regulations","0","0"
"European Central Bank decisions","0","1"
"European Central Bank guidelines****","0","0"
"European Central Bank recommendations","0","0"
"European Central Bank opinions","3","0"
"Total","31","8"
"Total","31"
"Statistics for","2015","6"
"","Adopted acts"
"","Basic","Amending"
"Legislative acts - Ordinary legislative procedure"
"Regulations of the European Parliament and of the Council","6","1"
"Directives of the European Parliament and of the Council","0","0"
"Decisions of the European Parliament and of the Council","0","0"
"Total","6","1"
"Total","6"
"Other legislative acts"
"Council regulations","0","4"
"Council directives","0","0"
"Council decisions","26","9"
"Total","26","13"
"Total","26"
"Non-legislative acts"
"Delegated acts"
"Commission delegated regulations","4","4"
"Commission delegated directives","0","0"
"Commission delegated decisions","2","0"
"Total","6","4"
"Total","6"
"Implementing acts"
"Council implementing regulations","0","4"
"Council implementing decisions","2","1"
"Commission implementing regulations","20","10"
"Commission implementing directives","0","0"
"Commission implementing decisions","14","4"
"Total","36","19"
"Total","36"
"Other acts"
"Commission regulations","1","8"
"Commission directives","0","0"
"Commission decisions","30","3"
"European Central Bank regulations","0","0"
"European Central Bank decisions","0","0"
"European Central Bank guidelines****","0","0"
"European Central Bank recommendations","1","0"
"European Central Bank opinions","3","0"
"Total","35","11"
"Total","35"
"Statistics for","2015","7"
"","Adopted acts"
"","Basic","Amending"
"Legislative acts - Ordinary legislative procedure"
"Regulations of the European Parliament and of the Council","2","0"
"Directives of the European Parliament and of the Council","0","0"
"Decisions of the European Parliament and of the Council","0","0"
"Total","2","0"
"Total","2"
"Other legislative acts"
"Council regulations","2","3"
"Council directives","0","0"
"Council decisions","20","10"
"Total","22","13"
"Total","22"
"Non-legislative acts"
"Delegated acts"
"Commission delegated regulations","10","5"
"Commission delegated directives","0","0"
"Commission delegated decisions","3","0"
"Total","13","5"
"Total","13"
"Implementing acts"
"Council implementing regulations","1","5"
"Council implementing decisions","3","6"
"Commission implementing regulations","45","18"
"Commission implementing directives","0","1"
"Commission implementing decisions","20","8"
"Total","69","38"
"Total","69"
"Other acts"
"Commission regulations","18","12"
"Commission directives","0","2"
"Commission decisions","40","0"
"European Central Bank regulations","0","0"
"European Central Bank decisions","0","2"
"European Central Bank guidelines****","0","1"
"European Central Bank recommendations","0","0"
"European Central Bank opinions","5","0"
"Total","63","17"
"Total","63"
"Statistics for","2015","8"
"","Adopted acts"
"","Basic","Amending"
"Legislative acts - Ordinary legislative procedure"
"Regulations of the European Parliament and of the Council","0","0"
"Directives of the European Parliament and of the Council","0","0"
"Decisions of the European Parliament and of the Council","0","0"
"Total","0","0"
"Total","0"
"Other legislative acts"
"Council regulations","0","1"
"Council directives","0","0"
"Council decisions","3","0"
"Total","3","1"
"Total","3"
"Non-legislative acts"
"Delegated acts"
"Commission delegated regulations","1","3"
"Commission delegated directives","0","0"
"Commission delegated decisions","0","0"
"Total","1","3"
"Total","1"
"Implementing acts"
"Council implementing regulations","0","0"
"Council implementing decisions","1","0"
"Commission implementing regulations","22","13"
"Commission implementing directives","0","0"
"Commission implementing decisions","4","6"
"Total","27","19"
"Total","27"
"Other acts"
"Commission regulations","1","6"
"Commission directives","0","1"
"Commission decisions","36","0"
"European Central Bank regulations","0","0"
"European Central Bank decisions","0","0"
"European Central Bank guidelines****","0","1"
"European Central Bank recommendations","0","0"
"European Central Bank opinions","4","0"
"Total","41","8"
"Total","41"
"Statistics for","2015","9"
"","Adopted acts"
"","Basic","Amending"
"Legislative acts - Ordinary legislative procedure"
"Regulations of the European Parliament and of the Council","0","1"
"Directives of the European Parliament and of the Council","1","1"
"Decisions of the European Parliament and of the Council","0","0"
"Total","1","2"
"Total","1"
"Other legislative acts"
"Council regulations","0","0"
"Council directives","0","0"
"Council decisions","18","2"
"Total","18","2"
"Total","18"
"Non-legislative acts"
"Delegated acts"
"Commission delegated regulations","3","4"
"Commission delegated directives","0","0"
"Commission delegated decisions","0","0"
"Total","3","4"
"Total","3"
"Implementing acts"
"Council implementing regulations","0","2"
"Council implementing decisions","0","1"
"Commission implementing regulations","42","11"
"Commission implementing directives","0","0"
"Commission implementing decisions","10","3"
"Total","52","17"
"Total","52"
"Other acts"
"Commission regulations","24","5"
"Commission directives","0","0"
"Commission decisions","36","0"
"European Central Bank regulations","0","1"
"European Central Bank decisions","0","2"
"European Central Bank guidelines****","0","1"
"European Central Bank recommendations","0","0"
"European Central Bank opinions","5","0"
"Total","65","9"
"Total","65"
"Statistics for","2015","10"
"","Adopted acts"
"","Basic","Amending"
"Legislative acts - Ordinary legislative procedure"
"Regulations of the European Parliament and of the Council","1","4"
"Directives of the European Parliament and of the Council","0","1"
"Decisions of the European Parliament and of the Council","1","0"
"Total","2","5"
"Total","2"
"Other legislative acts"
"Council regulations","2","6"
"Council directives","0","0"
"Council decisions","49","13"
"Total","51","19"
"Total","51"
"Non-legislative acts"
"Delegated acts"
"Commission delegated regulations","10","3"
"Commission delegated directives","0","0"
"Commission delegated decisions","0","0"
"Total","10","3"
"Total","10"
"Implementing acts"
"Council implementing regulations","0","4"
"Council implementing decisions","5","1"
"Commission implementing regulations","21","14"
"Commission implementing directives","0","1"
"Commission implementing decisions","7","4"
"Total","33","24"
"Total","33"
"Other acts"
"Commission regulations","12","7"
"Commission directives","0","1"
"Commission decisions","38","0"
"European Central Bank regulations","0","0"
"European Central Bank decisions","0","0"
"European Central Bank guidelines****","0","0"
"European Central Bank recommendations","0","0"
"European Central Bank opinions","7","0"
"Total","57","8"
"Total","57"
"Statistics for","2015","11"
"","Adopted acts"
"","Basic","Amending"
"Legislative acts - Ordinary legislative procedure"
"Regulations of the European Parliament and of the Council","4","1"
"Directives of the European Parliament and of the Council","4","0"
"Decisions of the European Parliament and of the Council","1","0"
"Total","9","1"
"Total","9"
"Other legislative acts"
"Council regulations","3","0"
"Council directives","0","1"
"Council decisions","31","3"
"Total","34","4"
"Total","34"
"Non-legislative acts"
"Delegated acts"
"Commission delegated regulations","2","7"
"Commission delegated directives","0","0"
"Commission delegated decisions","2","0"
"Total","4","7"
"Total","4"
"Implementing acts"
"Council implementing regulations","0","3"
"Council implementing decisions","4","3"
"Commission implementing regulations","43","16"
"Commission implementing directives","0","0"
"Commission implementing decisions","30","9"
"Total","77","31"
"Total","77"
"Other acts"
"Commission regulations","7","8"
"Commission directives","0","4"
"Commission decisions","29","2"
"European Central Bank regulations","0","0"
"European Central Bank decisions","2","2"
"European Central Bank guidelines****","1","3"
"European Central Bank recommendations","0","0"
"European Central Bank opinions","11","0"
"Total","50","19"
"Total","50"
"Statistics for","2015","12"
"","Adopted acts"
"","Basic","Amending"
"Legislative acts - Ordinary legislative procedure"
"Regulations of the European Parliament and of the Council","0","4"
"Directives of the European Parliament and of the Council","1","0"
"Decisions of the European Parliament and of the Council","0","0"
"Total","1","4"
"Total","1"
"Other legislative acts"
"Council regulations","2","2"
"Council directives","0","1"
"Council decisions","21","7"
"Total","23","10"
"Total","23"
"Non-legislative acts"
"Delegated acts"
"Commission delegated regulations","7","2"
"Commission delegated directives","0","0"
"Commission delegated decisions","0","0"
"Total","7","2"
"Total","7"
"Implementing acts"
"Council implementing regulations","1","2"
"Council implementing decisions","2","6"
"Commission implementing regulations","39","16"
"Commission implementing directives","1","0"
"Commission implementing decisions","14","9"
"Total","57","33"
"Total","57"
"Other acts"
"Commission regulations","11","13"
"Commission directives","0","0"
"Commission decisions","41","2"
"European Central Bank regulations","0","0"
"European Central Bank decisions","3","5"
"European Central Bank guidelines****","0","1"
"European Central Bank recommendations","2","0"
"European Central Bank opinions","6","0"
"Total","63","21"
"Total","63"
"Statistics for","2016","1"
"","Adopted acts"
"","Basic","Amending"
"Legislative acts - Ordinary legislative procedure"
"Regulations of the European Parliament and of the Council","0","4"
"Directives of the European Parliament and of the Council","1","0"
"Decisions of the European Parliament and of the Council","0","0"
"Total","1","4"
"Total","1"
"Other legislative acts"
"Council regulations","4","1"
"Council directives","0","0"
"Council decisions","7","4"
"Total","11","5"
"Total","11"
"Non-legislative acts"
"Delegated acts"
"Commission delegated regulations","2","0"
"Commission delegated directives","0","0"
"Commission delegated decisions","0","1"
"Total","2","1"
"Total","2"
"Implementing acts"
"Council implementing regulations","0","2"
"Council implementing decisions","0","1"
"Commission implementing regulations","24","10"
"Commission implementing directives","0","1"
"Commission implementing decisions","8","2"
"Total","32","16"
"Total","32"
"Other acts"
"Commission regulations","2","16"
"Commission directives","0","0"
"Commission decisions","31","1"
"European Central Bank regulations","0","0"
"European Central Bank decisions","0","0"
"European Central Bank guidelines****","0","0"
"European Central Bank recommendations","0","0"
"European Central Bank opinions","4","0"
"Total","37","17"
"Total","37"
"Statistics for","2016","2"
"","Adopted acts"
"","Basic","Amending"
"Legislative acts - Ordinary legislative procedure"
"Regulations of the European Parliament and of the Council","0","0"
"Directives of the European Parliament and of the Council","0","0"
"Decisions of the European Parliament and of the Council","0","0"
"Total","0","0"
"Total","0"
"Other legislative acts"
"Council regulations","1","2"
"Council directives","0","0"
"Council decisions","28","5"
"Total","29","7"
"Total","29"
"Non-legislative acts"
"Delegated acts"
"Commission delegated regulations","4","3"
"Commission delegated directives","0","1"
"Commission delegated decisions","0","0"
"Total","4","4"
"Total","4"
"Implementing acts"
"Council implementing regulations","0","1"
"Council implementing decisions","3","0"
"Commission implementing regulations","36","12"
"Commission implementing directives","0","0"
"Commission implementing decisions","10","6"
"Total","49","19"
"Total","49"
"Other acts"
"Commission regulations","0","9"
"Commission directives","0","0"
"Commission decisions","41","3"
"European Central Bank regulations","0","0"
"European Central Bank decisions","1","0"
"European Central Bank guidelines****","1","0"
"European Central Bank recommendations","0","0"
"European Central Bank opinions","5","0"
"Total","48","12"
"Total","48"
"Statistics for","2016","3"
"","Adopted acts"
"","Basic","Amending"
"Legislative acts - Ordinary legislative procedure"
"Regulations of the European Parliament and of the Council","7","0"
"Directives of the European Parliament and of the Council","1","0"
"Decisions of the European Parliament and of the Council","1","0"
"Total","9","0"
"Total","9"
"Other legislative acts"
"Council regulations","1","3"
"Council directives","0","0"
"Council decisions","21","11"
"Total","22","14"
"Total","22"
"Non-legislative acts"
"Delegated acts"
"Commission delegated regulations","6","2"
"Commission delegated directives","0","0"
"Commission delegated decisions","0","0"
"Total","6","2"
"Total","6"
"Implementing acts"
"Council implementing regulations","0","4"
"Council implementing decisions","2","1"
"Commission implementing regulations","21","21"
"Commission implementing directives","0","1"
"Commission implementing decisions","20","6"
"Total","43","33"
"Total","43"
"Other acts"
"Commission regulations","6","13"
"Commission directives","0","0"
"Commission decisions","27","1"
"European Central Bank regulations","1","0"
"European Central Bank decisions","2","0"
"European Central Bank guidelines****","0","1"
"European Central Bank recommendations","0","0"
"European Central Bank opinions","11","0"
"Total","47","15"
"Total","47"
"Statistics for","2016","4"
"","Adopted acts"
"","Basic","Amending"
"Legislative acts - Ordinary legislative procedure"
"Regulations of the European Parliament and of the Council","3","0"
"Directives of the European Parliament and of the Council","2","0"
"Decisions of the European Parliament and of the Council","0","0"
"Total","5","0"
"Total","5"
"Other legislative acts"
"Council regulations","1","4"
"Council directives","0","0"
"Council decisions","24","5"
"Total","25","9"
"Total","25"
"Non-legislative acts"
"Delegated acts"
"Commission delegated regulations","2","4"
"Commission delegated directives","1","2"
"Commission delegated decisions","0","1"
"Total","3","7"
"Total","3"
"Implementing acts"
"Council implementing regulations","0","3"
"Council implementing decisions","0","1"
"Commission implementing regulations","27","20"
"Commission implementing directives","0","0"
"Commission implementing decisions","14","3"
"Total","41","27"
"Total","41"
"Other acts"
"Commission regulations","1","10"
"Commission directives","0","0"
"Commission decisions","28","0"
"European Central Bank regulations","0","0"
"European Central Bank decisions","2","3"
"European Central Bank guidelines****","0","0"
"European Central Bank recommendations","0","0"
"European Central Bank opinions","7","0"
"Total","38","13"
"Total","38"
"Statistics for","2016","5"
"","Adopted acts"
"","Basic","Amending"
"Legislative acts - Ordinary legislative procedure"
"Regulations of the European Parliament and of the Council","4","1"
"Directives of the European Parliament and of the Council","5","0"
"Decisions of the European Parliament and of the Council","0","0"
"Total","9","1"
"Total","9"
"Other legislative acts"
"Council regulations","0","2"
"Council directives","0","2"
"Council decisions","26","4"
"Total","26","8"
"Total","26"
"Non-legislative acts"
"Delegated acts"
"Commission delegated regulations","13","4"
"Commission delegated directives","0","0"
"Commission delegated decisions","0","0"
"Total","13","4"
"Total","13"
"Implementing acts"
"Council implementing regulations","0","2"
"Council implementing decisions","1","2"
"Commission implementing regulations","16","7"
"Commission implementing directives","0","0"
"Commission implementing decisions","13","6"
"Total","30","17"
"Total","30"
"Other acts"
"Commission regulations","2","6"
"Commission directives","0","3"
"Commission decisions","25","0"
"European Central Bank regulations","1","0"
"European Central Bank decisions","0","2"
"European Central Bank guidelines****","0","1"
"European Central Bank recommendations","0","0"
"European Central Bank opinions","2","0"
"Total","30","12"
"Total","30"
"Statistics for","2016","6"
"","Adopted acts"
"","Basic","Amending"
"Legislative acts - Ordinary legislative procedure"
"Regulations of the European Parliament and of the Council","6","3"
"Directives of the European Parliament and of the Council","1","1"
"Decisions of the European Parliament and of the Council","0","0"
"Total","7","4"
"Total","7"
"Other legislative acts"
"Council regulations","3","6"
"Council directives","0","1"
"Council decisions","36","4"
"Total","39","11"
"Total","39"
"Non-legislative acts"
"Delegated acts"
"Commission delegated regulations","19","2"
"Commission delegated directives","0","0"
"Commission delegated decisions","0","0"
"Total","19","2"
"Total","19"
"Implementing acts"
"Council implementing regulations","0","0"
"Council implementing decisions","1","1"
"Commission implementing regulations","40","19"
"Commission implementing directives","0","0"
"Commission implementing decisions","9","4"
"Total","50","24"
"Total","50"
"Other acts"
"Commission regulations","0","8"
"Commission directives","0","1"
"Commission decisions","42","1"
"European Central Bank regulations","0","0"
"European Central Bank decisions","3","1"
"European Central Bank guidelines****","0","0"
"European Central Bank recommendations","0","0"
"European Central Bank opinions","6","0"
"Total","51","11"
"Total","51"
"Statistics for","2016","7"
"","Adopted acts"
"","Basic","Amending"
"Legislative acts - Ordinary legislative procedure"
"Regulations of the European Parliament and of the Council","3","0"
"Directives of the European Parliament and of the Council","1","0"
"Decisions of the European Parliament and of the Council","1","0"
"Total","5","0"
"Total","5"
"Other legislative acts"
"Council regulations","0","3"
"Council directives","1","0"
"Council decisions","34","7"
"Total","35","10"
"Total","35"
"Non-legislative acts"
"Delegated acts"
"Commission delegated regulations","14","2"
"Commission delegated directives","0","0"
"Commission delegated decisions","0","0"
"Total","14","2"
"Total","14"
"Implementing acts"
"Council implementing regulations","1","0"
"Council implementing decisions","0","1"
"Commission implementing regulations","32","12"
"Commission implementing directives","0","0"
"Commission implementing decisions","21","8"
"Total","54","21"
"Total","54"
"Other acts"
"Commission regulations","9","9"
"Commission directives","0","2"
"Commission decisions","49","2"
"European Central Bank regulations","0","0"
"European Central Bank decisions","0","0"
"European Central Bank guidelines****","0","0"
"European Central Bank recommendations","1","0"
"European Central Bank opinions","4","0"
"Total","63","13"
"Total","63"
"Statistics for","2016","8"
"","Adopted acts"
"","Basic","Amending"
"Legislative acts - Ordinary legislative procedure"
"Regulations of the European Parliament and of the Council","0","0"
"Directives of the European Parliament and of the Council","0","0"
"Decisions of the European Parliament and of the Council","0","0"
"Total","0","0"
"Total","0"
"Other legislative acts"
"Council regulations","0","1"
"Council directives","0","0"
"Council decisions","8","3"
"Total","8","4"
"Total","8"
"Non-legislative acts"
"Delegated acts"
"Commission delegated regulations","0","1"
"Commission delegated directives","0","0"
"Commission delegated decisions","0","0"
"Total","0","1"
"Total","0"
"Implementing acts"
"Council implementing regulations","0","2"
"Council implementing decisions","1","2"
"Commission implementing regulations","21","14"
"Commission implementing directives","0","0"
"Commission implementing decisions","11","5"
"Total","33","23"
"Total","33"
"Other acts"
"Commission regulations","8","4"
"Commission directives","0","0"
"Commission decisions","39","0"
"European Central Bank regulations","0","1"
"European Central Bank decisions","0","0"
"European Central Bank guidelines****","0","1"
"European Central Bank recommendations","1","0"
"European Central Bank opinions","3","0"
"Total","51","6"
"Total","51"
"Statistics for","2016","9"
"","Adopted acts"
"","Basic","Amending"
"Legislative acts - Ordinary legislative procedure"
"Regulations of the European Parliament and of the Council","3","3"
"Directives of the European Parliament and of the Council","1","0"
"Decisions of the European Parliament and of the Council","0","0"
"Total","4","3"
"Total","4"
"Other legislative acts"
"Council regulations","1","2"
"Council directives","0","0"
"Council decisions","27","6"
"Total","28","8"
"Total","28"
"Non-legislative acts"
"Delegated acts"
"Commission delegated regulations","8","3"
"Commission delegated directives","0","0"
"Commission delegated decisions","0","0"
"Total","8","3"
"Total","8"
"Implementing acts"
"Council implementing regulations","0","6"
"Council implementing decisions","0","4"
"Commission implementing regulations","24","15"
"Commission implementing directives","0","0"
"Commission implementing decisions","7","3"
"Total","31","28"
"Total","31"
"Other acts"
"Commission regulations","17","6"
"Commission directives","0","0"
"Commission decisions","32","0"
"European Central Bank regulations","0","1"
"European Central Bank decisions","0","2"
"European Central Bank guidelines****","0","0"
"European Central Bank recommendations","1","0"
"European Central Bank opinions","5","0"
"Total","55","9"
"Total","55"
"Statistics for","2016","10"
"","Adopted acts"
"","Basic","Amending"
"Legislative acts - Ordinary legislative procedure"
"Regulations of the European Parliament and of the Council","3","3"
"Directives of the European Parliament and of the Council","2","0"
"Decisions of the European Parliament and of the Council","0","0"
"Total","5","3"
"Total","5"
"Other legislative acts"
"Council regulations","1","0"
"Council directives","0","0"
"Council decisions","25","2"
"Total","26","2"
"Total","26"
"Non-legislative acts"
"Delegated acts"
"Commission delegated regulations","10","3"
"Commission delegated directives","0","0"
"Commission delegated decisions","0","0"
"Total","10","3"
"Total","10"
"Implementing acts"
"Council implementing regulations","0","1"
"Council implementing decisions","1","2"
"Commission implementing regulations","20","16"
"Commission implementing directives","0","1"
"Commission implementing decisions","10","13"
"Total","31","33"
"Total","31"
"Other acts"
"Commission regulations","3","6"
"Commission directives","0","1"
"Commission decisions","42","1"
"European Central Bank regulations","0","0"
"European Central Bank decisions","0","1"
"European Central Bank guidelines****","0","0"
"European Central Bank recommendations","1","0"
"European Central Bank opinions","5","0"
"Total","51","9"
"Total","51"
"Statistics for","2016","11"
"","Adopted acts"
"","Basic","Amending"
"Legislative acts - Ordinary legislative procedure"
"Regulations of the European Parliament and of the Council","0","3"
"Directives of the European Parliament and of the Council","0","0"
"Decisions of the European Parliament and of the Council","0","0"
"Total","0","3"
"Total","0"
"Other legislative acts"
"Council regulations","0","0"
"Council directives","0","0"
"Council decisions","28","5"
"Total","28","5"
"Total","28"
"Non-legislative acts"
"Delegated acts"
"Commission delegated regulations","5","5"
"Commission delegated directives","0","0"
"Commission delegated decisions","0","0"
"Total","5","5"
"Total","5"
"Implementing acts"
"Council implementing regulations","0","3"
"Council implementing decisions","3","5"
"Commission implementing regulations","34","10"
"Commission implementing directives","0","0"
"Commission implementing decisions","21","13"
"Total","58","31"
"Total","58"
"Other acts"
"Commission regulations","3","5"
"Commission directives","0","1"
"Commission decisions","31","1"
"European Central Bank regulations","0","0"
"European Central Bank decisions","7","0"
"European Central Bank guidelines****","3","3"
"European Central Bank recommendations","0","0"
"European Central Bank opinions","4","0"
"Total","48","10"
"Total","48"
"Statistics for","2016","12"
"","Adopted acts"
"","Basic","Amending"
"Legislative acts - Ordinary legislative procedure"
"Regulations of the European Parliament and of the Council","2","3"
"Directives of the European Parliament and of the Council","2","1"
"Decisions of the European Parliament and of the Council","1","0"
"Total","5","4"
"Total","5"
"Other legislative acts"
"Council regulations","2","5"
"Council directives","1","1"
"Council decisions","17","14"
"Total","20","20"
"Total","20"
"Non-legislative acts"
"Delegated acts"
"Commission delegated regulations","4","5"
"Commission delegated directives","0","0"
"Commission delegated decisions","0","0"
"Total","4","5"
"Total","4"
"Implementing acts"
"Council implementing regulations","0","1"
"Council implementing decisions","1","1"
"Commission implementing regulations","42","20"
"Commission implementing directives","0","1"
"Commission implementing decisions","37","10"
"Total","80","33"
"Total","80"
"Other acts"
"Commission regulations","7","3"
"Commission directives","0","1"
"Commission decisions","34","0"
"European Central Bank regulations","0","0"
"European Central Bank decisions","0","0"
"European Central Bank guidelines****","0","1"
"European Central Bank recommendations","2","0"
"European Central Bank opinions","4","0"
"Total","47","5"
"Total","47"
"Statistics for","2017","1"
"","Adopted acts"
"","Basic","Amending"
"Legislative acts - Ordinary legislative procedure"
"Regulations of the European Parliament and of the Council","0","0"
"Directives of the European Parliament and of the Council","0","0"
"Decisions of the European Parliament and of the Council","0","0"
"Total","0","0"
"Total","0"
"Other legislative acts"
"Council regulations","1","1"
"Council directives","0","0"
"Council decisions","8","4"
"Total","9","5"
"Total","9"
"Non-legislative acts"
"Delegated acts"
"Commission delegated regulations","2","2"
"Commission delegated directives","0","0"
"Commission delegated decisions","0","0"
"Total","2","2"
"Total","2"
"Implementing acts"
"Council implementing regulations","1","2"
"Council implementing decisions","0","0"
"Commission implementing regulations","19","8"
"Commission implementing directives","0","0"
"Commission implementing decisions","7","8"
"Total","27","18"
"Total","27"
"Other acts"
"Commission regulations","0","7"
"Commission directives","1","0"
"Commission decisions","38","4"
"European Central Bank regulations","0","0"
"European Central Bank decisions","0","5"
"European Central Bank guidelines****","0","0"
"European Central Bank recommendations","0","0"
"European Central Bank opinions","0","0"
"Total","39","16"
"Total","39"
"Statistics for","2017","2"
"","Adopted acts"
"","Basic","Amending"
"Legislative acts - Ordinary legislative procedure"
"Regulations of the European Parliament and of the Council","2","2"
"Directives of the European Parliament and of the Council","0","0"
"Decisions of the European Parliament and of the Council","0","0"
"Total","2","2"
"Total","2"
"Other legislative acts"
"Council regulations","0","3"
"Council directives","0","0"
"Council decisions","24","6"
"Total","24","9"
"Total","24"
"Non-legislative acts"
"Delegated acts"
"Commission delegated regulations","2","8"
"Commission delegated directives","0","0"
"Commission delegated decisions","0","0"
"Total","2","8"
"Total","2"
"Implementing acts"
"Council implementing regulations","0","1"
"Council implementing decisions","3","3"
"Commission implementing regulations","34","16"
"Commission implementing directives","0","0"
"Commission implementing decisions","13","5"
"Total","50","25"
"Total","50"
"Other acts"
"Commission regulations","3","12"
"Commission directives","0","0"
"Commission decisions","30","0"
"European Central Bank regulations","0","0"
"European Central Bank decisions","1","0"
"European Central Bank guidelines****","0","1"
"European Central Bank recommendations","0","0"
"European Central Bank opinions","4","0"
"Total","38","13"
"Total","38"
"Statistics for","2017","3"
"","Adopted acts"
"","Basic","Amending"
"Legislative acts - Ordinary legislative procedure"
"Regulations of the European Parliament and of the Council","1","4"
"Directives of the European Parliament and of the Council","1","0"
"Decisions of the European Parliament and of the Council","0","0"
"Total","2","4"
"Total","2"
"Other legislative acts"
"Council regulations","0","3"
"Council directives","0","1"
"Council decisions","24","6"
"Total","24","10"
"Total","24"
"Non-legislative acts"
"Delegated acts"
"Commission delegated regulations","4","4"
"Commission delegated directives","0","3"
"Commission delegated decisions","0","0"
"Total","4","7"
"Total","4"
"Implementing acts"
"Council implementing regulations","0","12"
"Council implementing decisions","3","9"
"Commission implementing regulations","31","18"
"Commission implementing directives","0","0"
"Commission implementing decisions","10","8"
"Total","44","47"
"Total","44"
"Other acts"
"Commission regulations","4","10"
"Commission directives","0","1"
"Commission decisions","48","0"
"European Central Bank regulations","0","0"
"European Central Bank decisions","0","0"
"European Central Bank guidelines****","0","0"
"European Central Bank recommendations","1","0"
"European Central Bank opinions","5","0"
"Total","58","11"
"Total","58"
"Statistics for","2017","4"
"","Adopted acts"
"","Basic","Amending"
"Legislative acts - Ordinary legislative procedure"
"Regulations of the European Parliament and of the Council","2","0"
"Directives of the European Parliament and of the Council","0","0"
"Decisions of the European Parliament and of the Council","1","0"
"Total","3","0"
"Total","3"
"Other legislative acts"
"Council regulations","0","3"
"Council directives","0","0"
"Council decisions","22","5"
"Total","22","8"
"Total","22"
"Non-legislative acts"
"Delegated acts"
"Commission delegated regulations","3","2"
"Commission delegated directives","0","0"
"Commission delegated decisions","0","0"
"Total","3","2"
"Total","3"
"Implementing acts"
"Council implementing regulations","0","2"
"Council implementing decisions","1","1"
"Commission implementing regulations","20","13"
"Commission implementing directives","0","0"
"Commission implementing decisions","7","3"
"Total","28","19"
"Total","28"
"Other acts"
"Commission regulations","5","6"
"Commission directives","0","0"
"Commission decisions","25","1"
"European Central Bank regulations","0","0"
"European Central Bank decisions","1","0"
"European Central Bank guidelines****","1","0"
"European Central Bank recommendations","1","0"
"European Central Bank opinions","6","0"
"Total","39","7"
"Total","39"
"Statistics for","2017","5"
"","Adopted acts"
"","Basic","Amending"
"Legislative acts - Ordinary legislative procedure"
"Regulations of the European Parliament and of the Council","5","3"
"Directives of the European Parliament and of the Council","0","2"
"Decisions of the European Parliament and of the Council","2","0"
"Total","7","5"
"Total","7"
"Other legislative acts"
"Council regulations","0","0"
"Council directives","0","1"
"Council decisions","26","3"
"Total","26","4"
"Total","26"
"Non-legislative acts"
"Delegated acts"
"Commission delegated regulations","4","3"
"Commission delegated directives","0","0"
"Commission delegated decisions","0","0"
"Total","4","3"
"Total","4"
"Implementing acts"
"Council implementing regulations","0","4"
"Council implementing decisions","6","3"
"Commission implementing regulations","37","19"
"Commission implementing directives","0","0"
"Commission implementing decisions","12","9"
"Total","55","35"
"Total","55"
"Other acts"
"Commission regulations","3","8"
"Commission directives","0","3"
"Commission decisions","41","0"
"European Central Bank regulations","0","0"
"European Central Bank decisions","2","3"
"European Central Bank guidelines****","0","1"
"European Central Bank recommendations","0","0"
"European Central Bank opinions","5","0"
"Total","51","15"
"Total","51"
"Statistics for","2017","6"
"","Adopted acts"
"","Basic","Amending"
"Legislative acts - Ordinary legislative procedure"
"Regulations of the European Parliament and of the Council","5","0"
"Directives of the European Parliament and of the Council","1","0"
"Decisions of the European Parliament and of the Council","0","0"
"Total","6","0"
"Total","6"
"Other legislative acts"
"Council regulations","0","5"
"Council directives","0","0"
"Council decisions","22","7"
"Total","22","12"
"Total","22"
"Non-legislative acts"
"Delegated acts"
"Commission delegated regulations","4","10"
"Commission delegated directives","0","0"
"Commission delegated decisions","1","0"
"Total","5","10"
"Total","5"
"Implementing acts"
"Council implementing regulations","0","3"
"Council implementing decisions","1","4"
"Commission implementing regulations","46","26"
"Commission implementing directives","0","0"
"Commission implementing decisions","15","5"
"Total","62","38"
"Total","62"
"Other acts"
"Commission regulations","0","12"
"Commission directives","0","0"
"Commission decisions","49","0"
"European Central Bank regulations","0","0"
"European Central Bank decisions","1","1"
"European Central Bank guidelines****","0","1"
"European Central Bank recommendations","1","0"
"European Central Bank opinions","6","0"
"Total","57","14"
"Total","57"
"Statistics for","2017","7"
"","Adopted acts"
"","Basic","Amending"
"Legislative acts - Ordinary legislative procedure"
"Regulations of the European Parliament and of the Council","1","2"
"Directives of the European Parliament and of the Council","1","0"
"Decisions of the European Parliament and of the Council","1","0"
"Total","3","2"
"Total","3"
"Other legislative acts"
"Council regulations","0","3"
"Council directives","0","0"
"Council decisions","18","10"
"Total","18","13"
"Total","18"
"Non-legislative acts"
"Delegated acts"
"Commission delegated regulations","2","4"
"Commission delegated directives","0","0"
"Commission delegated decisions","0","0"
"Total","2","4"
"Total","2"
"Implementing acts"
"Council implementing regulations","0","3"
"Council implementing decisions","0","4"
"Commission implementing regulations","30","17"
"Commission implementing directives","0","1"
"Commission implementing decisions","21","6"
"Total","51","31"
"Total","51"
"Other acts"
"Commission regulations","3","11"
"Commission directives","0","0"
"Commission decisions","48","1"
"European Central Bank regulations","0","0"
"European Central Bank decisions","1","0"
"European Central Bank guidelines****","0","0"
"European Central Bank recommendations","0","0"
"European Central Bank opinions","1","0"
"Total","53","12"
"Total","53"
"Statistics for","2017","8"
"","Adopted acts"
"","Basic","Amending"
"Legislative acts - Ordinary legislative procedure"
"Regulations of the European Parliament and of the Council","0","0"
"Directives of the European Parliament and of the Council","0","0"
"Decisions of the European Parliament and of the Council","0","0"
"Total","0","0"
"Total","0"
"Other legislative acts"
"Council regulations","1","2"
"Council directives","0","0"
"Council decisions","4","4"
"Total","5","6"
"Total","5"
"Non-legislative acts"
"Delegated acts"
"Commission delegated regulations","2","7"
"Commission delegated directives","0","1"
"Commission delegated decisions","0","0"
"Total","2","8"
"Total","2"
"Implementing acts"
"Council implementing regulations","1","1"
"Council implementing decisions","0","3"
"Commission implementing regulations","20","23"
"Commission implementing directives","0","0"
"Commission implementing decisions","12","8"
"Total","33","35"
"Total","33"
"Other acts"
"Commission regulations","8","7"
"Commission directives","0","0"
"Commission decisions","41","3"
"European Central Bank regulations","1","1"
"European Central Bank decisions","0","1"
"European Central Bank guidelines****","0","0"
"European Central Bank recommendations","1","0"
"European Central Bank opinions","8","0"
"Total","59","12"
"Total","59"
"Statistics for","2017","9"
"","Adopted acts"
"","Basic","Amending"
"Legislative acts - Ordinary legislative procedure"
"Regulations of the European Parliament and of the Council","3","0"
"Directives of the European Parliament and of the Council","1","0"
"Decisions of the European Parliament and of the Council","1","1"
"Total","5","1"
"Total","5"
"Other legislative acts"
"Council regulations","1","2"
"Council directives","0","0"
"Council decisions","19","5"
"Total","20","7"
"Total","20"
"Non-legislative acts"
"Delegated acts"
"Commission delegated regulations","10","8"
"Commission delegated directives","0","0"
"Commission delegated decisions","0","2"
"Total","10","10"
"Total","10"
"Implementing acts"
"Council implementing regulations","0","3"
"Council implementing decisions","4","2"
"Commission implementing regulations","24","17"
"Commission implementing directives","0","0"
"Commission implementing decisions","2","3"
"Total","30","25"
"Total","30"
"Other acts"
"Commission regulations","4","1"
"Commission directives","1","0"
"Commission decisions","26","1"
"European Central Bank regulations","0","0"
"European Central Bank decisions","0","1"
"European Central Bank guidelines****","0","1"
"European Central Bank recommendations","1","0"
"European Central Bank opinions","3","0"
"Total","35","4"
"Total","35"
"Statistics for","2017","10"
"","Adopted acts"
"","Basic","Amending"
"Legislative acts - Ordinary legislative procedure"
"Regulations of the European Parliament and of the Council","1","5"
"Directives of the European Parliament and of the Council","0","0"
"Decisions of the European Parliament and of the Council","0","0"
"Total","1","5"
"Total","1"
"Other legislative acts"
"Council regulations","3","2"
"Council directives","1","0"
"Council decisions","20","7"
"Total","24","9"
"Total","24"
"Non-legislative acts"
"Delegated acts"
"Commission delegated regulations","7","7"
"Commission delegated directives","0","0"
"Commission delegated decisions","0","0"
"Total","7","7"
"Total","7"
"Implementing acts"
"Council implementing regulations","0","3"
"Council implementing decisions","5","5"
"Commission implementing regulations","27","9"
"Commission implementing directives","0","1"
"Commission implementing decisions","6","9"
"Total","38","27"
"Total","38"
"Other acts"
"Commission regulations","0","11"
"Commission directives","0","0"
"Commission decisions","36","0"
"European Central Bank regulations","0","0"
"European Central Bank decisions","0","1"
"European Central Bank guidelines****","0","1"
"European Central Bank recommendations","0","0"
"European Central Bank opinions","6","0"
"Total","42","13"
"Total","42"
"Statistics for","2017","11"
"","Adopted acts"
"","Basic","Amending"
"Legislative acts - Ordinary legislative procedure"
"Regulations of the European Parliament and of the Council","2","3"
"Directives of the European Parliament and of the Council","1","4"
"Decisions of the European Parliament and of the Council","0","0"
"Total","3","7"
"Total","3"
"Other legislative acts"
"Council regulations","1","3"
"Council directives","0","0"
"Council decisions","28","7"
"Total","29","10"
"Total","29"
"Non-legislative acts"
"Delegated acts"
"Commission delegated regulations","8","11"
"Commission delegated directives","0","0"
"Commission delegated decisions","0","0"
"Total","8","11"
"Total","8"
"Implementing acts"
"Council implementing regulations","0","2"
"Council implementing decisions","2","2"
"Commission implementing regulations","36","18"
"Commission implementing directives","0","0"
"Commission implementing decisions","9","14"
"Total","47","36"
"Total","47"
"Other acts"
"Commission regulations","4","4"
"Commission directives","0","2"
"Commission decisions","28","2"
"European Central Bank regulations","0","2"
"European Central Bank decisions","2","2"
"European Central Bank guidelines****","1","0"
"European Central Bank recommendations","0","0"
"European Central Bank opinions","8","0"
"Total","43","12"
"Total","43"
"Statistics for","2017","12"
"","Adopted acts"
"","Basic","Amending"
"Legislative acts - Ordinary legislative procedure"
"Regulations of the European Parliament and of the Council","3","8"
"Directives of the European Parliament and of the Council","1","2"
"Decisions of the European Parliament and of the Council","0","1"
"Total","4","11"
"Total","4"
"Other legislative acts"
"Council regulations","1","4"
"Council directives","0","1"
"Council decisions","33","9"
"Total","34","14"
"Total","34"
"Non-legislative acts"
"Delegated acts"
"Commission delegated regulations","3","9"
"Commission delegated directives","0","0"
"Commission delegated decisions","0","0"
"Total","3","9"
"Total","3"
"Implementing acts"
"Council implementing regulations","0","1"
"Council implementing decisions","3","0"
"Commission implementing regulations","36","16"
"Commission implementing directives","0","0"
"Commission implementing decisions","40","10"
"Total","79","27"
"Total","79"
"Other acts"
"Commission regulations","33","4"
"Commission directives","0","0"
"Commission decisions","40","1"
"European Central Bank regulations","0","0"
"European Central Bank decisions","1","2"
"European Central Bank guidelines****","0","0"
"European Central Bank recommendations","3","0"
"European Central Bank opinions","2","0"
"Total","79","7"
"Total","79"
"Statistics for","2018","1"
"","Adopted acts"
"","Basic","Amending"
"Legislative acts - Ordinary legislative procedure"
"Regulations of the European Parliament and of the Council","0","0"
"Directives of the European Parliament and of the Council","0","0"
"Decisions of the European Parliament and of the Council","0","0"
"Total","0","0"
"Total","0"
"Other legislative acts"
"Council regulations","1","2"
"Council directives","1","0"
"Council decisions","18","3"
"Total","20","5"
"Total","20"
"Non-legislative acts"
"Delegated acts"
"Commission delegated regulations","2","4"
"Commission delegated directives","0","0"
"Commission delegated decisions","1","0"
"Total","3","4"
"Total","3"
"Implementing acts"
"Council implementing regulations","0","6"
"Council implementing decisions","0","4"
"Commission implementing regulations","26","15"
"Commission implementing directives","0","1"
"Commission implementing decisions","10","8"
"Total","36","34"
"Total","36"
"Other acts"
"Commission regulations","0","10"
"Commission directives","0","1"
"Commission decisions","21","2"
"European Central Bank regulations","1","0"
"European Central Bank decisions","0","0"
"European Central Bank guidelines****","0","0"
"European Central Bank recommendations","1","0"
"European Central Bank opinions","5","0"
"Total","28","13"
"Total","28"
"Statistics for","2018","2"
"","Adopted acts"
"","Basic","Amending"
"Legislative acts - Ordinary legislative procedure"
"Regulations of the European Parliament and of the Council","2","0"
"Directives of the European Parliament and of the Council","0","0"
"Decisions of the European Parliament and of the Council","0","0"
"Total","2","0"
"Total","2"
"Other legislative acts"
"Council regulations","1","2"
"Council directives","0","0"
"Council decisions","14","8"
"Total","15","10"
"Total","15"
"Non-legislative acts"
"Delegated acts"
"Commission delegated regulations","3","5"
"Commission delegated directives","0","3"
"Commission delegated decisions","1","0"
"Total","4","8"
"Total","4"
"Implementing acts"
"Council implementing regulations","0","5"
"Council implementing decisions","1","6"
"Commission implementing regulations","31","15"
"Commission implementing directives","0","0"
"Commission implementing decisions","11","8"
"Total","43","34"
"Total","43"
"Other acts"
"Commission regulations","4","8"
"Commission directives","0","0"
"Commission decisions","34","0"
"European Central Bank regulations","0","1"
"European Central Bank decisions","0","1"
"European Central Bank guidelines****","0","4"
"European Central Bank recommendations","0","0"
"European Central Bank opinions","6","0"
"Total","44","14"
"Total","44"
"Statistics for","2018","3"
"","Adopted acts"
"","Basic","Amending"
"Legislative acts - Ordinary legislative procedure"
"Regulations of the European Parliament and of the Council","0","1"
"Directives of the European Parliament and of the Council","0","2"
"Decisions of the European Parliament and of the Council","0","1"
"Total","0","4"
"Total","0"
"Other legislative acts"
"Council regulations","0","2"
"Council directives","0","0"
"Council decisions","14","7"
"Total","14","9"
"Total","14"
"Non-legislative acts"
"Delegated acts"
"Commission delegated regulations","3","1"
"Commission delegated directives","0","4"
"Commission delegated decisions","0","0"
"Total","3","5"
"Total","3"
"Implementing acts"
"Council implementing regulations","1","8"
"Council implementing decisions","5","5"
"Commission implementing regulations","23","19"
"Commission implementing directives","0","1"
"Commission implementing decisions","12","9"
"Total","41","42"
"Total","41"
"Other acts"
"Commission regulations","6","8"
"Commission directives","0","1"
"Commission decisions","41","5"
"European Central Bank regulations","0","0"
"European Central Bank decisions","2","0"
"European Central Bank guidelines****","0","0"
"European Central Bank recommendations","1","0"
"European Central Bank opinions","4","0"
"Total","54","14"
"Total","54"
"Statistics for","2018","4"
"","Adopted acts"
"","Basic","Amending"
"Legislative acts - Ordinary legislative procedure"
"Regulations of the European Parliament and of the Council","2","1"
"Directives of the European Parliament and of the Council","0","2"
"Decisions of the European Parliament and of the Council","2","0"
"Total","4","3"
"Total","4"
"Other legislative acts"
"Council regulations","1","1"
"Council directives","0","0"
"Council decisions","13","6"
"Total","14","7"
"Total","14"
"Non-legislative acts"
"Delegated acts"
"Commission delegated regulations","1","4"
"Commission delegated directives","0","1"
"Commission delegated decisions","0","1"
"Total","1","6"
"Total","1"
"Implementing acts"
"Council implementing regulations","0","5"
"Council implementing decisions","1","3"
"Commission implementing regulations","17","17"
"Commission implementing directives","0","0"
"Commission implementing decisions","12","7"
"Total","30","32"
"Total","30"
"Other acts"
"Commission regulations","3","5"
"Commission directives","0","0"
"Commission decisions","23","1"
"European Central Bank regulations","0","0"
"European Central Bank decisions","1","0"
"European Central Bank guidelines****","0","1"
"European Central Bank recommendations","0","0"
"European Central Bank opinions","7","0"
"Total","34","7"
"Total","34"
"Statistics for","2018","5"
"","Adopted acts"
"","Basic","Amending"
"Legislative acts - Ordinary legislative procedure"
"Regulations of the European Parliament and of the Council","4","2"
"Directives of the European Parliament and of the Council","0","6"
"Decisions of the European Parliament and of the Council","0","1"
"Total","4","9"
"Total","4"
"Other legislative acts"
"Council regulations","0","0"
"Council directives","0","1"
"Council decisions","20","6"
"Total","20","7"
"Total","20"
"Non-legislative acts"
"Delegated acts"
"Commission delegated regulations","2","5"
"Commission delegated directives","0","0"
"Commission delegated decisions","0","0"
"Total","2","5"
"Total","2"
"Implementing acts"
"Council implementing regulations","0","5"
"Council implementing decisions","4","3"
"Commission implementing regulations","15","20"
"Commission implementing directives","0","0"
"Commission implementing decisions","10","6"
"Total","29","34"
"Total","29"
"Other acts"
"Commission regulations","3","11"
"Commission directives","0","1"
"Commission decisions","27","0"
"European Central Bank regulations","0","0"
"European Central Bank decisions","0","0"
"European Central Bank guidelines****","1","0"
"European Central Bank recommendations","1","0"
"European Central Bank opinions","6","0"
"Total","38","12"
"Total","38"
"Statistics for","2018","6"
"","Adopted acts"
"","Basic","Amending"
"Legislative acts - Ordinary legislative procedure"
"Regulations of the European Parliament and of the Council","1","0"
"Directives of the European Parliament and of the Council","1","1"
"Decisions of the European Parliament and of the Council","0","0"
"Total","2","1"
"Total","2"
"Other legislative acts"
"Council regulations","0","3"
"Council directives","0","1"
"Council decisions","30","8"
"Total","30","12"
"Total","30"
"Non-legislative acts"
"Delegated acts"
"Commission delegated regulations","0","5"
"Commission delegated directives","0","0"
"Commission delegated decisions","0","1"
"Total","0","6"
"Total","0"
"Implementing acts"
"Council implementing regulations","0","5"
"Council implementing decisions","1","2"
"Commission implementing regulations","14","13"
"Commission implementing directives","0","0"
"Commission implementing decisions","13","7"
"Total","28","27"
"Total","28"
"Other acts"
"Commission regulations","3","4"
"Commission directives","0","1"
"Commission decisions","38","0"
"European Central Bank regulations","0","0"
"European Central Bank decisions","0","0"
"European Central Bank guidelines****","1","1"
"European Central Bank recommendations","0","0"
"European Central Bank opinions","3","0"
"Total","45","6"
"Total","45"
"Statistics for","2018","7"
"","Adopted acts"
"","Basic","Amending"
"Legislative acts - Ordinary legislative procedure"
"Regulations of the European Parliament and of the Council","7","2"
"Directives of the European Parliament and of the Council","0","0"
"Decisions of the European Parliament and of the Council","1","0"
"Total","8","2"
"Total","8"
"Other legislative acts"
"Council regulations","2","1"
"Council directives","0","0"
"Council decisions","24","8"
"Total","26","9"
"Total","26"
"Non-legislative acts"
"Delegated acts"
"Commission delegated regulations","11","9"
"Commission delegated directives","0","0"
"Commission delegated decisions","0","0"
"Total","11","9"
"Total","11"
"Implementing acts"
"Council implementing regulations","1","5"
"Council implementing decisions","2","2"
"Commission implementing regulations","22","19"
"Commission implementing directives","0","2"
"Commission implementing decisions","7","8"
"Total","32","36"
"Total","32"
"Other acts"
"Commission regulations","1","7"
"Commission directives","0","0"
"Commission decisions","50","2"
"European Central Bank regulations","0","0"
"European Central Bank decisions","0","0"
"European Central Bank guidelines****","0","0"
"European Central Bank recommendations","1","0"
"European Central Bank opinions","4","0"
"Total","56","9"
"Total","56"
"Statistics for","2018","8"
"","Adopted acts"
"","Basic","Amending"
"Legislative acts - Ordinary legislative procedure"
"Regulations of the European Parliament and of the Council","0","0"
"Directives of the European Parliament and of the Council","0","0"
"Decisions of the European Parliament and of the Council","0","0"
"Total","0","0"
"Total","0"
"Other legislative acts"
"Council regulations","0","1"
"Council directives","0","0"
"Council decisions","0","2"
"Total","0","3"
"Total","0"
"Non-legislative acts"
"Delegated acts"
"Commission delegated regulations","0","0"
"Commission delegated directives","0","0"
"Commission delegated decisions","0","0"
"Total","0","0"
"Total","0"
"Implementing acts"
"Council implementing regulations","0","2"
"Council implementing decisions","0","0"
"Commission implementing regulations","19","8"
"Commission implementing directives","0","0"
"Commission implementing decisions","20","4"
"Total","39","14"
"Total","39"
"Other acts"
"Commission regulations","0","2"
"Commission directives","0","0"
"Commission decisions","43","0"
"European Central Bank regulations","0","0"
"European Central Bank decisions","1","0"
"European Central Bank guidelines****","0","2"
"European Central Bank recommendations","0","0"
"European Central Bank opinions","5","0"
"Total","49","4"
"Total","49"
"Statistics for","2018","9"
"","Adopted acts"
"","Basic","Amending"
"Legislative acts - Ordinary legislative procedure"
"Regulations of the European Parliament and of the Council","1","1"
"Directives of the European Parliament and of the Council","0","0"
"Decisions of the European Parliament and of the Council","0","0"
"Total","1","1"
"Total","1"
"Other legislative acts"
"Council regulations","2","1"
"Council directives","0","0"
"Council decisions","33","4"
"Total","35","5"
"Total","35"
"Non-legislative acts"
"Delegated acts"
"Commission delegated regulations","0","0"
"Commission delegated directives","0","0"
"Commission delegated decisions","0","0"
"Total","0","0"
"Total","0"
"Implementing acts"
"Council implementing regulations","0","5"
"Council implementing decisions","1","4"
"Commission implementing regulations","17","13"
"Commission implementing directives","0","0"
"Commission implementing decisions","9","2"
"Total","27","24"
"Total","27"
"Other acts"
"Commission regulations","5","5"
"Commission directives","0","0"
"Commission decisions","32","0"
"European Central Bank regulations","0","0"
"European Central Bank decisions","0","0"
"European Central Bank guidelines****","0","0"
"European Central Bank recommendations","1","0"
"European Central Bank opinions","4","0"
"Total","42","5"
"Total","42"
"Statistics for","2018","10"
"","Adopted acts"
"","Basic","Amending"
"Legislative acts - Ordinary legislative procedure"
"Regulations of the European Parliament and of the Council","3","4"
"Directives of the European Parliament and of the Council","1","0"
"Decisions of the European Parliament and of the Council","0","1"
"Total","4","5"
"Total","4"
"Other legislative acts"
"Council regulations","3","2"
"Council directives","0","0"
"Council decisions","24","8"
"Total","27","10"
"Total","27"
"Non-legislative acts"
"Delegated acts"
"Commission delegated regulations","6","4"
"Commission delegated directives","0","0"
"Commission delegated decisions","0","0"
"Total","6","4"
"Total","6"
"Implementing acts"
"Council implementing regulations","0","4"
"Council implementing decisions","4","2"
"Commission implementing regulations","39","18"
"Commission implementing directives","0","1"
"Commission implementing decisions","18","11"
"Total","61","36"
"Total","61"
"Other acts"
"Commission regulations","2","9"
"Commission directives","0","0"
"Commission decisions","48","2"
"European Central Bank regulations","0","0"
"European Central Bank decisions","0","1"
"European Central Bank guidelines****","0","0"
"European Central Bank recommendations","2","0"
"European Central Bank opinions","3","0"
"Total","55","12"
"Total","55"
"Statistics for","2018","11"
"","Adopted acts"
"","Basic","Amending"
"Legislative acts - Ordinary legislative procedure"
"Regulations of the European Parliament and of the Council","7","4"
"Directives of the European Parliament and of the Council","0","1"
"Decisions of the European Parliament and of the Council","0","0"
"Total","7","5"
"Total","7"
"Other legislative acts"
"Council regulations","2","1"
"Council directives","0","2"
"Council decisions","28","5"
"Total","30","8"
"Total","30"
"Non-legislative acts"
"Delegated acts"
"Commission delegated regulations","1","5"
"Commission delegated directives","0","10"
"Commission delegated decisions","0","0"
"Total","1","15"
"Total","1"
"Implementing acts"
"Council implementing regulations","0","3"
"Council implementing decisions","3","3"
"Commission implementing regulations","28","18"
"Commission implementing directives","0","0"
"Commission implementing decisions","18","14"
"Total","49","38"
"Total","49"
"Other acts"
"Commission regulations","24","3"
"Commission directives","0","1"
"Commission decisions","34","0"
"European Central Bank regulations","1","0"
"European Central Bank decisions","5","1"
"European Central Bank guidelines****","0","0"
"European Central Bank recommendations","0","0"
"European Central Bank opinions","7","0"
"Total","71","5"
"Total","71"
"Statistics for","2018","12"
"","Adopted acts"
"","Basic","Amending"
"Legislative acts - Ordinary legislative procedure"
"Regulations of the European Parliament and of the Council","4","3"
"Directives of the European Parliament and of the Council","3","1"
"Decisions of the European Parliament and of the Council","0","0"
"Total","7","4"
"Total","7"
"Other legislative acts"
"Council regulations","4","6"
"Council directives","0","2"
"Council decisions","25","15"
"Total","29","23"
"Total","29"
"Non-legislative acts"
"Delegated acts"
"Commission delegated regulations","9","13"
"Commission delegated directives","0","1"
"Commission delegated decisions","0","0"
"Total","9","14"
"Total","9"
"Implementing acts"
"Council implementing regulations","0","5"
"Council implementing decisions","5","7"
"Commission implementing regulations","28","18"
"Commission implementing directives","0","0"
"Commission implementing decisions","32","5"
"Total","65","35"
"Total","65"
"Other acts"
"Commission regulations","11","5"
"Commission directives","0","0"
"Commission decisions","55","0"
"European Central Bank regulations","0","1"
"European Central Bank decisions","1","0"
"European Central Bank guidelines****","0","0"
"European Central Bank recommendations","1","0"
"European Central Bank opinions","4","0"
"Total","72","6"
"Total","72"
"Statistics for","2019","1"
"","Adopted acts"
"","Basic","Amending"
"Legislative acts - Ordinary legislative procedure"
"Regulations of the European Parliament and of the Council","6","2"
"Directives of the European Parliament and of the Council","0","1"
"Decisions of the European Parliament and of the Council","0","0"
"Total","6","3"
"Total","6"
"Other legislative acts"
"Council regulations","1","0"
"Council directives","0","0"
"Council decisions","13","5"
"Total","14","5"
"Total","14"
"Non-legislative acts"
"Delegated acts"
"Commission delegated regulations","3","5"
"Commission delegated directives","0","0"
"Commission delegated decisions","0","1"
"Total","3","6"
"Total","3"
"Implementing acts"
"Council implementing regulations","1","5"
"Council implementing decisions","0","2"
"Commission implementing regulations","26","13"
"Commission implementing directives","2","1"
"Commission implementing decisions","11","13"
"Total","40","34"
"Total","40"
"Other acts"
"Commission regulations","0","10"
"Commission directives","0","0"
"Commission decisions","28","0"
"European Central Bank regulations","0","0"
"European Central Bank decisions","3","0"
"European Central Bank guidelines****","0","0"
"European Central Bank recommendations","1","0"
"European Central Bank opinions","3","0"
"Total","35","10"
"Total","35"
"Statistics for","2019","2"
"","Adopted acts"
"","Basic","Amending"
"Legislative acts - Ordinary legislative procedure"
"Regulations of the European Parliament and of the Council","1","1"
"Directives of the European Parliament and of the Council","0","0"
"Decisions of the European Parliament and of the Council","0","0"
"Total","1","1"
"Total","1"
"Other legislative acts"
"Council regulations","0","1"
"Council directives","0","1"
"Council decisions","17","4"
"Total","17","6"
"Total","17"
"Non-legislative acts"
"Delegated acts"
"Commission delegated regulations","6","5"
"Commission delegated directives","0","0"
"Commission delegated decisions","4","0"
"Total","10","5"
"Total","10"
"Implementing acts"
"Council implementing regulations","0","2"
"Council implementing decisions","2","1"
"Commission implementing regulations","15","21"
"Commission implementing directives","0","0"
"Commission implementing decisions","24","7"
"Total","41","31"
"Total","41"
"Other acts"
"Commission regulations","1","11"
"Commission directives","0","0"
"Commission decisions","48","0"
"European Central Bank regulations","0","0"
"European Central Bank decisions","1","0"
"European Central Bank guidelines****","0","0"
"European Central Bank recommendations","1","0"
"European Central Bank opinions","7","0"
"Total","58","11"
"Total","58"
"Statistics for","2019","3"
"","Adopted acts"
"","Basic","Amending"
"Legislative acts - Ordinary legislative procedure"
"Regulations of the European Parliament and of the Council","13","9"
"Directives of the European Parliament and of the Council","1","0"
"Decisions of the European Parliament and of the Council","0","2"
"Total","14","11"
"Total","14"
"Other legislative acts"
"Council regulations","0","1"
"Council directives","0","0"
"Council decisions","31","7"
"Total","31","8"
"Total","31"
"Non-legislative acts"
"Delegated acts"
"Commission delegated regulations","22","19"
"Commission delegated directives","0","0"
"Commission delegated decisions","2","0"
"Total","24","19"
"Total","24"
"Implementing acts"
"Council implementing regulations","0","5"
"Council implementing decisions","1","1"
"Commission implementing regulations","20","17"
"Commission implementing directives","0","1"
"Commission implementing decisions","11","9"
"Total","32","33"
"Total","32"
"Other acts"
"Commission regulations","3","4"
"Commission directives","0","1"
"Commission decisions","42","5"
"European Central Bank regulations","0","0"
"European Central Bank decisions","0","0"
"European Central Bank guidelines****","0","0"
"European Central Bank recommendations","0","0"
"European Central Bank opinions","4","0"
"Total","49","10"
"Total","49"
"Statistics for","2019","4"
"","Adopted acts"
"","Basic","Amending"
"Legislative acts - Ordinary legislative procedure"
"Regulations of the European Parliament and of the Council","7","5"
"Directives of the European Parliament and of the Council","6","2"
"Decisions of the European Parliament and of the Council","0","0"
"Total","13","7"
"Total","13"
"Other legislative acts"
"Council regulations","0","0"
"Council directives","0","0"
"Council decisions","30","6"
"Total","30","6"
"Total","30"
"Non-legislative acts"
"Delegated acts"
"Commission delegated regulations","1","0"
"Commission delegated directives","0","0"
"Commission delegated decisions","0","0"
"Total","1","0"
"Total","1"
"Implementing acts"
"Council implementing regulations","0","2"
"Council implementing decisions","2","0"
"Commission implementing regulations","32","19"
"Commission implementing directives","0","0"
"Commission implementing decisions","10","16"
"Total","44","37"
"Total","44"
"Other acts"
"Commission regulations","1","10"
"Commission directives","0","0"
"Commission decisions","29","0"
"European Central Bank regulations","0","0"
"European Central Bank decisions","1","2"
"European Central Bank guidelines****","1","0"
"European Central Bank recommendations","0","0"
"European Central Bank opinions","2","0"
"Total","34","12"
"Total","34"
"Statistics for","2019","5"
"","Adopted acts"
"","Basic","Amending"
"Legislative acts - Ordinary legislative procedure"
"Regulations of the European Parliament and of the Council","3","4"
"Directives of the European Parliament and of the Council","2","2"
"Decisions of the European Parliament and of the Council","0","0"
"Total","5","6"
"Total","5"
"Other legislative acts"
"Council regulations","2","0"
"Council directives","0","0"
"Council decisions","38","5"
"Total","40","5"
"Total","40"
"Non-legislative acts"
"Delegated acts"
"Commission delegated regulations","2","2"
"Commission delegated directives","0","0"
"Commission delegated decisions","1","0"
"Total","3","2"
"Total","3"
"Implementing acts"
"Council implementing regulations","0","3"
"Council implementing decisions","1","1"
"Commission implementing regulations","39","16"
"Commission implementing directives","0","0"
"Commission implementing decisions","15","5"
"Total","55","25"
"Total","55"
"Other acts"
"Commission regulations","1","5"
"Commission directives","0","1"
"Commission decisions","24","1"
"European Central Bank regulations","0","0"
"European Central Bank decisions","1","0"
"European Central Bank guidelines****","0","3"
"European Central Bank recommendations","0","0"
"European Central Bank opinions","5","0"
"Total","31","10"
"Total","31"
"Statistics for","2019","6"
"","Adopted acts"
"","Basic","Amending"
"Legislative acts - Ordinary legislative procedure"
"Regulations of the European Parliament and of the Council","19","4"
"Directives of the European Parliament and of the Council","7","5"
"Decisions of the European Parliament and of the Council","0","1"
"Total","26","10"
"Total","26"
"Other legislative acts"
"Council regulations","4","3"
"Council directives","1","0"
"Council decisions","34","6"
"Total","39","9"
"Total","39"
"Non-legislative acts"
"Delegated acts"
"Commission delegated regulations","3","2"
"Commission delegated directives","0","0"
"Commission delegated decisions","0","0"
"Total","3","2"
"Total","3"
"Implementing acts"
"Council implementing regulations","0","0"
"Council implementing decisions","1","0"
"Commission implementing regulations","26","6"
"Commission implementing directives","0","1"
"Commission implementing decisions","19","9"
"Total","46","16"
"Total","46"
"Other acts"
"Commission regulations","0","9"
"Commission directives","0","0"
"Commission decisions","29","0"
"European Central Bank regulations","0","0"
"European Central Bank decisions","0","1"
"European Central Bank guidelines****","0","3"
"European Central Bank recommendations","0","0"
"European Central Bank opinions","3","0"
"Total","32","13"
"Total","32"
"Statistics for","2019","7"
"","Adopted acts"
"","Basic","Amending"
"Legislative acts - Ordinary legislative procedure"
"Regulations of the European Parliament and of the Council","0","0"
"Directives of the European Parliament and of the Council","0","0"
"Decisions of the European Parliament and of the Council","0","0"
"Total","0","0"
"Total","0"
"Other legislative acts"
"Council regulations","1","0"
"Council directives","0","0"
"Council decisions","26","4"
"Total","27","4"
"Total","27"
"Non-legislative acts"
"Delegated acts"
"Commission delegated regulations","1","4"
"Commission delegated directives","0","0"
"Commission delegated decisions","0","0"
"Total","1","4"
"Total","1"
"Implementing acts"
"Council implementing regulations","0","4"
"Council implementing decisions","1","3"
"Commission implementing regulations","21","19"
"Commission implementing directives","0","0"
"Commission implementing decisions","33","16"
"Total","55","42"
"Total","55"
"Other acts"
"Commission regulations","0","3"
"Commission directives","0","1"
"Commission decisions","36","1"
"European Central Bank regulations","0","0"
"European Central Bank decisions","5","1"
"European Central Bank guidelines****","1","0"
"European Central Bank recommendations","1","0"
"European Central Bank opinions","4","0"
"Total","47","6"
"Total","47"
"Statistics for","2019","8"
"","Adopted acts"
"","Basic","Amending"
"Legislative acts - Ordinary legislative procedure"
"Regulations of the European Parliament and of the Council","0","0"
"Directives of the European Parliament and of the Council","0","0"
"Decisions of the European Parliament and of the Council","0","0"
"Total","0","0"
"Total","0"
"Other legislative acts"
"Council regulations","0","0"
"Council directives","0","0"
"Council decisions","2","0"
"Total","2","0"
"Total","2"
"Non-legislative acts"
"Delegated acts"
"Commission delegated regulations","4","11"
"Commission delegated directives","1","2"
"Commission delegated decisions","0","0"
"Total","5","13"
"Total","5"
"Implementing acts"
"Council implementing regulations","1","0"
"Council implementing decisions","0","0"
"Commission implementing regulations","15","4"
"Commission implementing directives","0","0"
"Commission implementing decisions","9","4"
"Total","25","8"
"Total","25"
"Other acts"
"Commission regulations","0","1"
"Commission directives","0","0"
"Commission decisions","27","0"
"European Central Bank regulations","0","0"
"European Central Bank decisions","0","1"
"European Central Bank guidelines****","0","0"
"European Central Bank recommendations","0","0"
"European Central Bank opinions","2","0"
"Total","29","2"
"Total","29"
"Statistics for","2019","9"
"","Adopted acts"
"","Basic","Amending"
"Legislative acts - Ordinary legislative procedure"
"Regulations of the European Parliament and of the Council","0","0"
"Directives of the European Parliament and of the Council","0","0"
"Decisions of the European Parliament and of the Council","0","0"
"Total","0","0"
"Total","0"
"Other legislative acts"
"Council regulations","0","1"
"Council directives","0","0"
"Council decisions","26","5"
"Total","26","6"
"Total","26"
"Non-legislative acts"
"Delegated acts"
"Commission delegated regulations","1","2"
"Commission delegated directives","0","0"
"Commission delegated decisions","0","0"
"Total","1","2"
"Total","1"
"Implementing acts"
"Council implementing regulations","0","3"
"Council implementing decisions","1","3"
"Commission implementing regulations","12","11"
"Commission implementing directives","0","0"
"Commission implementing decisions","8","7"
"Total","21","24"
"Total","21"
"Other acts"
"Commission regulations","0","3"
"Commission directives","0","0"
"Commission decisions","39","0"
"European Central Bank regulations","0","1"
"European Central Bank decisions","0","1"
"European Central Bank guidelines****","0","0"
"European Central Bank recommendations","0","0"
"European Central Bank opinions","4","0"
"Total","43","5"
"Total","43"
"Statistics for","2019","10"
"","Adopted acts"
"","Basic","Amending"
"Legislative acts - Ordinary legislative procedure"
"Regulations of the European Parliament and of the Council","2","4"
"Directives of the European Parliament and of the Council","1","1"
"Decisions of the European Parliament and of the Council","0","0"
"Total","3","5"
"Total","3"
"Other legislative acts"
"Council regulations","3","3"
"Council directives","0","0"
"Council decisions","28","8"
"Total","31","11"
"Total","31"
"Non-legislative acts"
"Delegated acts"
"Commission delegated regulations","11","14"
"Commission delegated directives","0","0"
"Commission delegated decisions","0","0"
"Total","11","14"
"Total","11"
"Implementing acts"
"Council implementing regulations","0","2"
"Council implementing decisions","2","0"
"Commission implementing regulations","33","19"
"Commission implementing directives","0","1"
"Commission implementing decisions","11","15"
"Total","46","37"
"Total","46"
"Other acts"
"Commission regulations","9","6"
"Commission directives","1","3"
"Commission decisions","49","0"
"European Central Bank regulations","0","0"
"European Central Bank decisions","1","1"
"European Central Bank guidelines****","1","0"
"European Central Bank recommendations","0","0"
"European Central Bank opinions","4","0"
"Total","65","10"
"Total","65"
"Statistics for","2019","11"
"","Adopted acts"
"","Basic","Amending"
"Legislative acts - Ordinary legislative procedure"
"Regulations of the European Parliament and of the Council","5","3"
"Directives of the European Parliament and of the Council","2","2"
"Decisions of the European Parliament and of the Council","0","0"
"Total","7","5"
"Total","7"
"Other legislative acts"
"Council regulations","3","1"
"Council directives","0","1"
"Council decisions","34","4"
"Total","37","6"
"Total","37"
"Non-legislative acts"
"Delegated acts"
"Commission delegated regulations","4","3"
"Commission delegated directives","0","0"
"Commission delegated decisions","0","0"
"Total","4","3"
"Total","4"
"Implementing acts"
"Council implementing regulations","0","3"
"Council implementing decisions","1","0"
"Commission implementing regulations","41","18"
"Commission implementing directives","0","1"
"Commission implementing decisions","38","18"
"Total","80","40"
"Total","80"
"Other acts"
"Commission regulations","3","11"
"Commission directives","0","2"
"Commission decisions","28","1"
"European Central Bank regulations","0","0"
"European Central Bank decisions","1","2"
"European Central Bank guidelines****","0","1"
"European Central Bank recommendations","0","0"
"European Central Bank opinions","4","0"
"Total","36","17"
"Total","36"
"Statistics for","2019","12"
"","Adopted acts"
"","Basic","Amending"
"Legislative acts - Ordinary legislative procedure"
"Regulations of the European Parliament and of the Council","0","2"
"Directives of the European Parliament and of the Council","0","1"
"Decisions of the European Parliament and of the Council","0","0"
"Total","0","3"
"Total","0"
"Other legislative acts"
"Council regulations","2","3"
"Council directives","1","1"
"Council decisions","27","7"
"Total","30","11"
"Total","30"
"Non-legislative acts"
"Delegated acts"
"Commission delegated regulations","9","3"
"Commission delegated directives","0","7"
"Commission delegated decisions","0","0"
"Total","9","10"
"Total","9"
"Implementing acts"
"Council implementing regulations","0","1"
"Council implementing decisions","3","3"
"Commission implementing regulations","26","8"
"Commission implementing directives","0","0"
"Commission implementing decisions","8","5"
"Total","37","17"
"Total","37"
"Other acts"
"Commission regulations","0","0"
"Commission directives","0","0"
"Commission decisions","38","0"
"European Central Bank regulations","0","1"
"European Central Bank decisions","2","1"
"European Central Bank guidelines****","0","0"
"European Central Bank recommendations","0","0"
"European Central Bank opinions","5","0"
"Total","45","2"
"Total","45"
"Statistics for","2020","1"
"","Adopted acts"
"","Basic","Amending"
"Legislative acts - Ordinary legislative procedure"
"Regulations of the European Parliament and of the Council","0","0"
"Directives of the European Parliament and of the Council","0","0"
"Decisions of the European Parliament and of the Council","2","0"
"Total","2","0"
"Total","2"
"Other legislative acts"
"Council regulations","1","0"
"Council directives","0","0"
"Council decisions","8","3"
"Total","9","3"
"Total","9"
"Non-legislative acts"
"Delegated acts"
"Commission delegated regulations","5","4"
"Commission delegated directives","0","0"
"Commission delegated decisions","0","1"
"Total","5","5"
"Total","5"
"Implementing acts"
"Council implementing regulations","1","4"
"Council implementing decisions","0","2"
"Commission implementing regulations","22","14"
"Commission implementing directives","0","0"
"Commission implementing decisions","4","7"
"Total","27","27"
"Total","27"
"Other acts"
"Commission regulations","0","2"
"Commission directives","0","0"
"Commission decisions","35","4"
"European Central Bank regulations","0","0"
"European Central Bank decisions","5","1"
"European Central Bank guidelines****","0","0"
"European Central Bank recommendations","1","0"
"European Central Bank opinions","6","0"
"Total","47","7"
"Total","47"
"Statistics for","2020","2"
"","Adopted acts"
"","Basic","Amending"
"Legislative acts - Ordinary legislative procedure"
"Regulations of the European Parliament and of the Council","0","0"
"Directives of the European Parliament and of the Council","0","0"
"Decisions of the European Parliament and of the Council","0","0"
"Total","0","0"
"Total","0"
"Other legislative acts"
"Council regulations","1","4"
"Council directives","0","2"
"Council decisions","20","10"
"Total","21","16"
"Total","21"
"Non-legislative acts"
"Delegated acts"
"Commission delegated regulations","0","5"
"Commission delegated directives","0","0"
"Commission delegated decisions","0","0"
"Total","0","5"
"Total","0"
"Implementing acts"
"Council implementing regulations","0","3"
"Council implementing decisions","1","2"
"Commission implementing regulations","38","16"
"Commission implementing directives","0","1"
"Commission implementing decisions","11","8"
"Total","50","30"
"Total","50"
"Other acts"
"Commission regulations","1","7"
"Commission directives","0","0"
"Commission decisions","35","0"
"European Central Bank regulations","0","0"
"European Central Bank decisions","2","1"
"European Central Bank guidelines****","0","1"
"European Central Bank recommendations","0","0"
"European Central Bank opinions","1","0"
"Total","39","9"
"Total","39"
"Statistics for","2020","3"
"","Adopted acts"
"","Basic","Amending"
"Legislative acts - Ordinary legislative procedure"
"Regulations of the European Parliament and of the Council","1","3"
"Directives of the European Parliament and of the Council","0","0"
"Decisions of the European Parliament and of the Council","0","0"
"Total","1","3"
"Total","1"
"Other legislative acts"
"Council regulations","0","1"
"Council directives","0","0"
"Council decisions","11","7"
"Total","11","8"
"Total","11"
"Non-legislative acts"
"Delegated acts"
"Commission delegated regulations","1","2"
"Commission delegated directives","0","0"
"Commission delegated decisions","0","0"
"Total","1","2"
"Total","1"
"Implementing acts"
"Council implementing regulations","0","5"
"Council implementing decisions","0","2"
"Commission implementing regulations","20","17"
"Commission implementing directives","0","1"
"Commission implementing decisions","11","8"
"Total","31","33"
"Total","31"
"Other acts"
"Commission regulations","4","2"
"Commission directives","0","1"
"Commission decisions","50","0"
"European Central Bank regulations","0","0"
"European Central Bank decisions","1","2"
"European Central Bank guidelines****","2","1"
"European Central Bank recommendations","2","0"
"European Central Bank opinions","4","0"
"Total","63","6"
"Total","63"
"Statistics for","2020","4"
"","Adopted acts"
"","Basic","Amending"
"Legislative acts - Ordinary legislative procedure"
"Regulations of the European Parliament and of the Council","0","4"
"Directives of the European Parliament and of the Council","0","0"
"Decisions of the European Parliament and of the Council","0","0"
"Total","0","4"
"Total","0"
"Other legislative acts"
"Council regulations","1","2"
"Council directives","0","0"
"Council decisions","14","6"
"Total","15","8"
"Total","15"
"Non-legislative acts"
"Delegated acts"
"Commission delegated regulations","3","7"
"Commission delegated directives","0","0"
"Commission delegated decisions","0","0"
"Total","3","7"
"Total","3"
"Implementing acts"
"Council implementing regulations","0","3"
"Council implementing decisions","0","1"
"Commission implementing regulations","33","13"
"Commission implementing directives","0","0"
"Commission implementing decisions","5","12"
"Total","38","29"
"Total","38"
"Other acts"
"Commission regulations","0","4"
"Commission directives","0","0"
"Commission decisions","30","3"
"European Central Bank regulations","1","1"
"European Central Bank decisions","1","2"
"European Central Bank guidelines****","0","1"
"European Central Bank recommendations","0","0"
"European Central Bank opinions","2","0"
"Total","34","11"
"Total","34"
"Statistics for","2020","5"
"","Adopted acts"
"","Basic","Amending"
"Legislative acts - Ordinary legislative procedure"
"Regulations of the European Parliament and of the Council","3","2"
"Directives of the European Parliament and of the Council","0","1"
"Decisions of the European Parliament and of the Council","1","0"
"Total","4","3"
"Total","4"
"Other legislative acts"
"Council regulations","2","0"
"Council directives","0","0"
"Council decisions","22","7"
"Total","24","7"
"Total","24"
"Non-legislative acts"
"Delegated acts"
"Commission delegated regulations","3","6"
"Commission delegated directives","0","0"
"Commission delegated decisions","0","1"
"Total","3","7"
"Total","3"
"Implementing acts"
"Council implementing regulations","0","3"
"Council implementing decisions","1","1"
"Commission implementing regulations","27","12"
"Commission implementing directives","0","0"
"Commission implementing decisions","11","8"
"Total","39","24"
"Total","39"
"Other acts"
"Commission regulations","0","2"
"Commission directives","0","1"
"Commission decisions","20","0"
"European Central Bank regulations","0","0"
"European Central Bank decisions","2","1"
"European Central Bank guidelines****","0","1"
"European Central Bank recommendations","0","0"
"European Central Bank opinions","4","0"
"Total","26","5"
"Total","26"
"Statistics for","2020","6"
"","Adopted acts"
"","Basic","Amending"
"Legislative acts - Ordinary legislative procedure"
"Regulations of the European Parliament and of the Council","1","3"
"Directives of the European Parliament and of the Council","0","0"
"Decisions of the European Parliament and of the Council","2","0"
"Total","3","3"
"Total","3"
"Other legislative acts"
"Council regulations","0","3"
"Council directives","0","1"
"Council decisions","28","16"
"Total","28","20"
"Total","28"
"Non-legislative acts"
"Delegated acts"
"Commission delegated regulations","0","11"
"Commission delegated directives","0","0"
"Commission delegated decisions","0","0"
"Total","0","11"
"Total","0"
"Implementing acts"
"Council implementing regulations","0","3"
"Council implementing decisions","1","1"
"Commission implementing regulations","20","26"
"Commission implementing directives","0","0"
"Commission implementing decisions","5","7"
"Total","26","37"
"Total","26"
"Other acts"
"Commission regulations","2","13"
"Commission directives","0","1"
"Commission decisions","25","1"
"European Central Bank regulations","0","0"
"European Central Bank decisions","2","0"
"European Central Bank guidelines****","1","0"
"European Central Bank recommendations","0","0"
"European Central Bank opinions","1","0"
"Total","31","15"
"Total","31"
"Statistics for","2020","7"
"","Adopted acts"
"","Basic","Amending"
"Legislative acts - Ordinary legislative procedure"
"Regulations of the European Parliament and of the Council","3","4"
"Directives of the European Parliament and of the Council","1","0"
"Decisions of the European Parliament and of the Council","0","0"
"Total","4","4"
"Total","4"
"Other legislative acts"
"Council regulations","0","1"
"Council directives","0","1"
"Council decisions","17","8"
"Total","17","10"
"Total","17"
"Non-legislative acts"
"Delegated acts"
"Commission delegated regulations","9","7"
"Commission delegated directives","0","0"
"Commission delegated decisions","0","0"
"Total","9","7"
"Total","9"
"Implementing acts"
"Council implementing regulations","1","5"
"Council implementing decisions","2","4"
"Commission implementing regulations","65","10"
"Commission implementing directives","0","0"
"Commission implementing decisions","20","8"
"Total","88","27"
"Total","88"
"Other acts"
"Commission regulations","2","3"
"Commission directives","0","0"
"Commission decisions","31","1"
"European Central Bank regulations","0","0"
"European Central Bank decisions","0","2"
"European Central Bank guidelines****","0","0"
"European Central Bank recommendations","1","0"
"European Central Bank opinions","1","0"
"Total","35","6"
"Total","35"
"Statistics for","2020","8"
"","Adopted acts"
"","Basic","Amending"
"Legislative acts - Ordinary legislative procedure"
"Regulations of the European Parliament and of the Council","0","0"
"Directives of the European Parliament and of the Council","0","0"
"Decisions of the European Parliament and of the Council","0","0"
"Total","0","0"
"Total","0"
"Other legislative acts"
"Council regulations","0","0"
"Council directives","0","0"
"Council decisions","0","0"
"Total","0","0"
"Total","0"
"Non-legislative acts"
"Delegated acts"
"Commission delegated regulations","3","10"
"Commission delegated directives","0","0"
"Commission delegated decisions","0","0"
"Total","3","10"
"Total","3"
"Implementing acts"
"Council implementing regulations","0","2"
"Council implementing decisions","1","2"
"Commission implementing regulations","22","11"
"Commission implementing directives","0","0"
"Commission implementing decisions","7","6"
"Total","30","21"
"Total","30"
"Other acts"
"Commission regulations","1","2"
"Commission directives","0","0"
"Commission decisions","30","0"
"European Central Bank regulations","0","0"
"European Central Bank decisions","0","0"
"European Central Bank guidelines****","0","0"
"European Central Bank recommendations","1","0"
"European Central Bank opinions","0","0"
"Total","32","2"
"Total","32"
"Statistics for","2020","9"
"","Adopted acts"
"","Basic","Amending"
"Legislative acts - Ordinary legislative procedure"
"Regulations of the European Parliament and of the Council","0","0"
"Directives of the European Parliament and of the Council","0","0"
"Decisions of the European Parliament and of the Council","0","0"
"Total","0","0"
"Total","0"
"Other legislative acts"
"Council regulations","0","2"
"Council directives","0","0"
"Council decisions","15","4"
"Total","15","6"
"Total","15"
"Non-legislative acts"
"Delegated acts"
"Commission delegated regulations","2","3"
"Commission delegated directives","0","1"
"Commission delegated decisions","0","0"
"Total","2","4"
"Total","2"
"Implementing acts"
"Council implementing regulations","0","2"
"Council implementing decisions","17","5"
"Commission implementing regulations","35","14"
"Commission implementing directives","0","0"
"Commission implementing decisions","8","6"
"Total","60","27"
"Total","60"
"Other acts"
"Commission regulations","5","3"
"Commission directives","0","0"
"Commission decisions","32","0"
"European Central Bank regulations","0","0"
"European Central Bank decisions","6","2"
"European Central Bank guidelines****","0","4"
"European Central Bank recommendations","0","0"
"European Central Bank opinions","3","0"
"Total","46","9"
"Total","46"
"Statistics for","2020","10"
"","Adopted acts"
"","Basic","Amending"
"Legislative acts - Ordinary legislative procedure"
"Regulations of the European Parliament and of the Council","2","3"
"Directives of the European Parliament and of the Council","0","1"
"Decisions of the European Parliament and of the Council","1","1"
"Total","3","5"
"Total","3"
"Other legislative acts"
"Council regulations","1","1"
"Council directives","0","0"
"Council decisions","44","11"
"Total","45","12"
"Total","45"
"Non-legislative acts"
"Delegated acts"
"Commission delegated regulations","4","13"
"Commission delegated directives","0","1"
"Commission delegated decisions","0","0"
"Total","4","14"
"Total","4"
"Implementing acts"
"Council implementing regulations","0","10"
"Council implementing decisions","4","4"
"Commission implementing regulations","46","11"
"Commission implementing directives","0","0"
"Commission implementing decisions","11","8"
"Total","61","33"
"Total","61"
"Other acts"
"Commission regulations","14","7"
"Commission directives","0","0"
"Commission decisions","33","1"
"European Central Bank regulations","0","0"
"European Central Bank decisions","2","0"
"European Central Bank guidelines****","0","4"
"European Central Bank recommendations","0","0"
"European Central Bank opinions","5","0"
"Total","54","12"
"Total","54"
"Statistics for","2020","11"
"","Adopted acts"
"","Basic","Amending"
"Legislative acts - Ordinary legislative procedure"
"Regulations of the European Parliament and of the Council","2","3"
"Directives of the European Parliament and of the Council","1","0"
"Decisions of the European Parliament and of the Council","0","1"
"Total","3","4"
"Total","3"
"Other legislative acts"
"Council regulations","2","0"
"Council directives","0","1"
"Council decisions","26","6"
"Total","28","7"
"Total","28"
"Non-legislative acts"
"Delegated acts"
"Commission delegated regulations","1","7"
"Commission delegated directives","0","0"
"Commission delegated decisions","1","0"
"Total","2","7"
"Total","2"
"Implementing acts"
"Council implementing regulations","0","6"
"Council implementing decisions","1","4"
"Commission implementing regulations","48","13"
"Commission implementing directives","0","0"
"Commission implementing decisions","17","13"
"Total","66","36"
"Total","66"
"Other acts"
"Commission regulations","2","6"
"Commission directives","0","0"
"Commission decisions","28","2"
"European Central Bank regulations","0","1"
"European Central Bank decisions","1","2"
"European Central Bank guidelines****","0","0"
"European Central Bank recommendations","0","0"
"European Central Bank opinions","3","0"
"Total","34","11"
"Total","34"
"Statistics for","2020","12"
"","Adopted acts"
"","Basic","Amending"
"Legislative acts - Ordinary legislative procedure"
"Regulations of the European Parliament and of the Council","8","5"
"Directives of the European Parliament and of the Council","1","0"
"Decisions of the European Parliament and of the Council","2","1"
"Total","11","6"
"Total","11"
"Other legislative acts"
"Council regulations","3","3"
"Council directives","0","1"
"Council decisions","59","8"
"Total","62","12"
"Total","62"
"Non-legislative acts"
"Delegated acts"
"Commission delegated regulations","4","16"
"Commission delegated directives","0","1"
"Commission delegated decisions","0","0"
"Total","4","17"
"Total","4"
"Implementing acts"
"Council implementing regulations","0","3"
"Council implementing decisions","2","2"
"Commission implementing regulations","39","45"
"Commission implementing directives","0","0"
"Commission implementing decisions","20","23"
"Total","61","73"
"Total","61"
"Other acts"
"Commission regulations","0","7"
"Commission directives","0","2"
"Commission decisions","58","1"
"European Central Bank regulations","0","1"
"European Central Bank decisions","0","1"
"European Central Bank guidelines****","0","1"
"European Central Bank recommendations","1","0"
"European Central Bank opinions","7","0"
"Total","66","13"
"Total","66"
"Statistics for","2021","1"
"","Adopted acts"
"","Basic","Amending"
"Legislative acts - Ordinary legislative procedure"
"Regulations of the European Parliament and of the Council","1","0"
"Directives of the European Parliament and of the Council","0","0"
"Decisions of the European Parliament and of the Council","0","0"
"Total","1","0"
"Total","1"
"Other legislative acts"
"Council regulations","5","1"
"Council directives","0","0"
"Council decisions","12","4"
"Total","17","5"
"Total","17"
"Non-legislative acts"
"Delegated acts"
"Commission delegated regulations","4","8"
"Commission delegated directives","0","1"
"Commission delegated decisions","0","0"
"Total","4","9"
"Total","4"
"Implementing acts"
"Council implementing regulations","0","2"
"Council implementing decisions","1","1"
"Commission implementing regulations","14","11"
"Commission implementing directives","0","0"
"Commission implementing decisions","30","6"
"Total","45","20"
"Total","45"
"Other acts"
"Commission regulations","4","2"
"Commission directives","0","0"
"Commission decisions","26","0"
"European Central Bank regulations","2","0"
"European Central Bank decisions","0","1"
"European Central Bank guidelines****","0","0"
"European Central Bank recommendations","0","0"
"European Central Bank opinions","2","0"
"Total","34","3"
"Total","34"
"Statistics for","2021","2"
"","Adopted acts"
"","Basic","Amending"
"Legislative acts - Ordinary legislative procedure"
"Regulations of the European Parliament and of the Council","3","5"
"Directives of the European Parliament and of the Council","0","1"
"Decisions of the European Parliament and of the Council","0","0"
"Total","3","6"
"Total","3"
"Other legislative acts"
"Council regulations","0","1"
"Council directives","0","0"
"Council decisions","14","10"
"Total","14","11"
"Total","14"
"Non-legislative acts"
"Delegated acts"
"Commission delegated regulations","5","9"
"Commission delegated directives","0","0"
"Commission delegated decisions","0","0"
"Total","5","9"
"Total","5"
"Implementing acts"
"Council implementing regulations","1","2"
"Council implementing decisions","2","1"
"Commission implementing regulations","42","17"
"Commission implementing directives","0","0"
"Commission implementing decisions","12","11"
"Total","57","31"
"Total","57"
"Other acts"
"Commission regulations","2","2"
"Commission directives","0","0"
"Commission decisions","41","4"
"European Central Bank regulations","0","0"
"European Central Bank decisions","0","1"
"European Central Bank guidelines****","0","0"
"European Central Bank recommendations","2","0"
"European Central Bank opinions","7","0"
"Total","52","7"
"Total","52"
"Statistics for","2021","3"
"","Adopted acts"
"","Basic","Amending"
"Legislative acts - Ordinary legislative procedure"
"Regulations of the European Parliament and of the Council","3","2"
"Directives of the European Parliament and of the Council","1","0"
"Decisions of the European Parliament and of the Council","0","2"
"Total","4","4"
"Total","4"
"Other legislative acts"
"Council regulations","1","2"
"Council directives","0","1"
"Council decisions","14","12"
"Total","15","15"
"Total","15"
"Non-legislative acts"
"Delegated acts"
"Commission delegated regulations","5","10"
"Commission delegated directives","0","3"
"Commission delegated decisions","0","0"
"Total","5","13"
"Total","5"
"Implementing acts"
"Council implementing regulations","0","8"
"Council implementing decisions","2","1"
"Commission implementing regulations","50","22"
"Commission implementing directives","0","1"
"Commission implementing decisions","7","11"
"Total","59","43"
"Total","59"
"Other acts"
"Commission regulations","6","5"
"Commission directives","0","0"
"Commission decisions","38","0"
"European Central Bank regulations","0","0"
"European Central Bank decisions","1","1"
"European Central Bank guidelines****","7","1"
"European Central Bank recommendations","0","0"
"European Central Bank opinions","4","0"
"Total","56","7"
"Total","56"
"Statistics for","2021","4"
"","Adopted acts"
"","Basic","Amending"
"Legislative acts - Ordinary legislative procedure"
"Regulations of the European Parliament and of the Council","12","0"
"Directives of the European Parliament and of the Council","0","0"
"Decisions of the European Parliament and of the Council","0","0"
"Total","12","0"
"Total","12"
"Other legislative acts"
"Council regulations","2","2"
"Council directives","0","0"
"Council decisions","20","6"
"Total","22","8"
"Total","22"
"Non-legislative acts"
"Delegated acts"
"Commission delegated regulations","4","15"
"Commission delegated directives","0","3"
"Commission delegated decisions","1","0"
"Total","5","18"
"Total","5"
"Implementing acts"
"Council implementing regulations","0","9"
"Council implementing decisions","0","11"
"Commission implementing regulations","31","18"
"Commission implementing directives","0","0"
"Commission implementing decisions","10","11"
"Total","41","49"
"Total","41"
"Other acts"
"Commission regulations","2","6"
"Commission directives","0","0"
"Commission decisions","28","1"
"European Central Bank regulations","0","1"
"European Central Bank decisions","0","3"
"European Central Bank guidelines****","0","1"
"European Central Bank recommendations","0","0"
"European Central Bank opinions","3","0"
"Total","33","12"
"Total","33"
"Statistics for","2021","5"
"","Adopted acts"
"","Basic","Amending"
"Legislative acts - Ordinary legislative procedure"
"Regulations of the European Parliament and of the Council","8","1"
"Directives of the European Parliament and of the Council","0","0"
"Decisions of the European Parliament and of the Council","1","0"
"Total","9","1"
"Total","9"
"Other legislative acts"
"Council regulations","2","1"
"Council directives","0","0"
"Council decisions","21","4"
"Total","23","5"
"Total","23"
"Non-legislative acts"
"Delegated acts"
"Commission delegated regulations","15","7"
"Commission delegated directives","0","0"
"Commission delegated decisions","0","0"
"Total","15","7"
"Total","15"
"Implementing acts"
"Council implementing regulations","0","3"
"Council implementing decisions","3","2"
"Commission implementing regulations","31","14"
"Commission implementing directives","0","1"
"Commission implementing decisions","23","6"
"Total","57","26"
"Total","57"
"Other acts"
"Commission regulations","0","2"
"Commission directives","0","0"
"Commission decisions","33","2"
"European Central Bank regulations","0","1"
"European Central Bank decisions","0","1"
"European Central Bank guidelines****","0","1"
"European Central Bank recommendations","1","0"
"European Central Bank opinions","3","0"
"Total","37","7"
"Total","37"
"Statistics for","2021","6"
"","Adopted acts"
"","Basic","Amending"
"Legislative acts - Ordinary legislative procedure"
"Regulations of the European Parliament and of the Council","10","1"
"Directives of the European Parliament and of the Council","0","0"
"Decisions of the European Parliament and of the Council","0","0"
"Total","10","1"
"Total","10"
"Other legislative acts"
"Council regulations","1","7"
"Council directives","0","0"
"Council decisions","36","15"
"Total","37","22"
"Total","37"
"Non-legislative acts"
"Delegated acts"
"Commission delegated regulations","6","12"
"Commission delegated directives","0","1"
"Commission delegated decisions","0","0"
"Total","6","13"
"Total","6"
"Implementing acts"
"Council implementing regulations","0","3"
"Council implementing decisions","2","1"
"Commission implementing regulations","33","20"
"Commission implementing directives","0","1"
"Commission implementing decisions","27","7"
"Total","62","32"
"Total","62"
"Other acts"
"Commission regulations","1","4"
"Commission directives","0","1"
"Commission decisions","52","2"
"European Central Bank regulations","0","0"
"European Central Bank decisions","1","0"
"European Central Bank guidelines****","0","1"
"European Central Bank recommendations","0","0"
"European Central Bank opinions","4","0"
"Total","58","8"
"Total","58"
"Statistics for","2021","7"
"","Adopted acts"
"","Basic","Amending"
"Legislative acts - Ordinary legislative procedure"
"Regulations of the European Parliament and of the Council","8","6"
"Directives of the European Parliament and of the Council","1","1"
"Decisions of the European Parliament and of the Council","0","0"
"Total","9","7"
"Total","9"
"Other legislative acts"
"Council regulations","2","2"
"Council directives","0","1"
"Council decisions","22","7"
"Total","24","10"
"Total","24"
"Non-legislative acts"
"Delegated acts"
"Commission delegated regulations","9","12"
"Commission delegated directives","0","1"
"Commission delegated decisions","0","0"
"Total","9","13"
"Total","9"
"Implementing acts"
"Council implementing regulations","1","3"
"Council implementing decisions","0","0"
"Commission implementing regulations","28","17"
"Commission implementing directives","0","0"
"Commission implementing decisions","21","12"
"Total","50","32"
"Total","50"
"Other acts"
"Commission regulations","4","9"
"Commission directives","0","0"
"Commission decisions","51","0"
"European Central Bank regulations","0","0"
"European Central Bank decisions","1","0"
"European Central Bank guidelines****","0","1"
"European Central Bank recommendations","3","0"
"European Central Bank opinions","2","0"
"Total","61","10"
"Total","61"
"Statistics for","2021","8"
"","Adopted acts"
"","Basic","Amending"
"Legislative acts - Ordinary legislative procedure"
"Regulations of the European Parliament and of the Council","0","0"
"Directives of the European Parliament and of the Council","0","0"
"Decisions of the European Parliament and of the Council","0","0"
"Total","0","0"
"Total","0"
"Other legislative acts"
"Council regulations","0","0"
"Council directives","0","0"
"Council decisions","0","2"
"Total","0","2"
"Total","0"
"Non-legislative acts"
"Delegated acts"
"Commission delegated regulations","10","7"
"Commission delegated directives","1","2"
"Commission delegated decisions","0","1"
"Total","11","10"
"Total","11"
"Implementing acts"
"Council implementing regulations","0","3"
"Council implementing decisions","0","1"
"Commission implementing regulations","33","14"
"Commission implementing directives","0","0"
"Commission implementing decisions","27","8"
"Total","60","26"
"Total","60"
"Other acts"
"Commission regulations","1","7"
"Commission directives","0","0"
"Commission decisions","32","0"
"European Central Bank regulations","0","0"
"European Central Bank decisions","2","6"
"European Central Bank guidelines****","0","0"
"European Central Bank recommendations","0","0"
"European Central Bank opinions","1","0"
"Total","36","13"
"Total","36"
"Statistics for","2021","9"
"","Adopted acts"
"","Basic","Amending"
"Legislative acts - Ordinary legislative procedure"
"Regulations of the European Parliament and of the Council","1","1"
"Directives of the European Parliament and of the Council","0","0"
"Decisions of the European Parliament and of the Council","0","0"
"Total","1","1"
"Total","1"
"Other legislative acts"
"Council regulations","1","1"
"Council directives","0","0"
"Council decisions","26","5"
"Total","27","6"
"Total","27"
"Non-legislative acts"
"Delegated acts"
"Commission delegated regulations","9","8"
"Commission delegated directives","0","0"
"Commission delegated decisions","0","0"
"Total","9","8"
"Total","9"
"Implementing acts"
"Council implementing regulations","0","1"
"Council implementing decisions","0","0"
"Commission implementing regulations","21","19"
"Commission implementing directives","0","0"
"Commission implementing decisions","11","2"
"Total","32","22"
"Total","32"
"Other acts"
"Commission regulations","0","2"
"Commission directives","0","0"
"Commission decisions","35","0"
"European Central Bank regulations","0","0"
"European Central Bank decisions","1","1"
"European Central Bank guidelines****","0","0"
"European Central Bank recommendations","2","0"
"European Central Bank opinions","2","0"
"Total","40","3"
"Total","40"
"Statistics for","2021","10"
"","Adopted acts"
"","Basic","Amending"
"Legislative acts - Ordinary legislative procedure"
"Regulations of the European Parliament and of the Council","2","2"
"Directives of the European Parliament and of the Council","1","0"
"Decisions of the European Parliament and of the Council","0","0"
"Total","3","2"
"Total","3"
"Other legislative acts"
"Council regulations","1","2"
"Council directives","0","0"
"Council decisions","28","11"
"Total","29","13"
"Total","29"
"Non-legislative acts"
"Delegated acts"
"Commission delegated regulations","8","7"
"Commission delegated directives","0","0"
"Commission delegated decisions","0","0"
"Total","8","7"
"Total","8"
"Implementing acts"
"Council implementing regulations","0","1"
"Council implementing decisions","4","5"
"Commission implementing regulations","17","18"
"Commission implementing directives","0","0"
"Commission implementing decisions","13","6"
"Total","34","30"
"Total","34"
"Other acts"
"Commission regulations","4","13"
"Commission directives","0","0"
"Commission decisions","46","2"
"European Central Bank regulations","0","1"
"European Central Bank decisions","1","0"
"European Central Bank guidelines****","0","1"
"European Central Bank recommendations","0","0"
"European Central Bank opinions","2","0"
"Total","53","17"
"Total","53"
"Statistics for","2021","11"
"","Adopted acts"
"","Basic","Amending"
"Legislative acts - Ordinary legislative procedure"
"Regulations of the European Parliament and of the Council","0","0"
"Directives of the European Parliament and of the Council","1","2"
"Decisions of the European Parliament and of the Council","1","0"
"Total","2","2"
"Total","2"
"Other legislative acts"
"Council regulations","4","3"
"Council directives","0","0"
"Council decisions","27","11"
"Total","31","14"
"Total","31"
"Non-legislative acts"
"Delegated acts"
"Commission delegated regulations","1","11"
"Commission delegated directives","0","0"
"Commission delegated decisions","0","0"
"Total","1","11"
"Total","1"
"Implementing acts"
"Council implementing regulations","0","6"
"Council implementing decisions","2","6"
"Commission implementing regulations","45","23"
"Commission implementing directives","0","1"
"Commission implementing decisions","16","7"
"Total","63","43"
"Total","63"
"Other acts"
"Commission regulations","1","9"
"Commission directives","0","0"
"Commission decisions","36","0"
"European Central Bank regulations","0","0"
"European Central Bank decisions","0","2"
"European Central Bank guidelines****","2","1"
"European Central Bank recommendations","0","0"
"European Central Bank opinions","8","0"
"Total","47","12"
"Total","47"
"Statistics for","2021","12"
"","Adopted acts"
"","Basic","Amending"
"Legislative acts - Ordinary legislative procedure"
"Regulations of the European Parliament and of the Council","4","4"
"Directives of the European Parliament and of the Council","0","1"
"Decisions of the European Parliament and of the Council","1","0"
"Total","5","5"
"Total","5"
"Other legislative acts"
"Council regulations","2","2"
"Council directives","0","0"
"Council decisions","25","9"
"Total","27","11"
"Total","27"
"Non-legislative acts"
"Delegated acts"
"Commission delegated regulations","5","12"
"Commission delegated directives","0","12"
"Commission delegated decisions","0","0"
"Total","5","24"
"Total","5"
"Implementing acts"
"Council implementing regulations","0","8"
"Council implementing decisions","0","4"
"Commission implementing regulations","28","24"
"Commission implementing directives","0","1"
"Commission implementing decisions","23","8"
"Total","51","45"
"Total","51"
"Other acts"
"Commission regulations","1","4"
"Commission directives","0","0"
"Commission decisions","42","0"
"European Central Bank regulations","0","0"
"European Central Bank decisions","2","1"
"European Central Bank guidelines****","0","1"
"European Central Bank recommendations","0","0"
"European Central Bank opinions","3","0"
"Total","48","6"
"Total","48"
"Statistics for","2022","1"
"","Adopted acts"
"","Basic","Amending"
"Legislative acts - Ordinary legislative procedure"
"Regulations of the European Parliament and of the Council","1","2"
"Directives of the European Parliament and of the Council","0","0"
"Decisions of the European Parliament and of the Council","0","0"
"Total","1","2"
"Total","1"
"Other legislative acts"
"Council regulations","2","0"
"Council directives","0","0"
"Council decisions","5","3"
"Total","7","3"
"Total","7"
"Non-legislative acts"
"Delegated acts"
"Commission delegated regulations","1","8"
"Commission delegated directives","0","0"
"Commission delegated decisions","0","0"
"Total","1","8"
"Total","1"
"Implementing acts"
"Council implementing regulations","0","3"
"Council implementing decisions","2","6"
"Commission implementing regulations","26","22"
"Commission implementing directives","0","0"
"Commission implementing decisions","12","8"
"Total","40","39"
"Total","40"
"Other acts"
"Commission regulations","6","7"
"Commission directives","0","0"
"Commission decisions","31","1"
"European Central Bank regulations","0","0"
"European Central Bank decisions","1","0"
"European Central Bank guidelines****","0","1"
"European Central Bank recommendations","0","0"
"European Central Bank opinions","3","0"
"Total","41","9"
"Total","41"
"Statistics for","2022","2"
"","Adopted acts"
"","Basic","Amending"
"Legislative acts - Ordinary legislative procedure"
"Regulations of the European Parliament and of the Council","0","1"
"Directives of the European Parliament and of the Council","0","3"
"Decisions of the European Parliament and of the Council","1","0"
"Total","1","4"
"Total","1"
"Other legislative acts"
"Council regulations","1","10"
"Council directives","0","0"
"Council decisions","20","18"
"Total","21","28"
"Total","21"
"Non-legislative acts"
"Delegated acts"
"Commission delegated regulations","6","10"
"Commission delegated directives","0","0"
"Commission delegated decisions","1","0"
"Total","7","10"
"Total","7"
"Implementing acts"
"Council implementing regulations","0","14"
"Council implementing decisions","0","4"
"Commission implementing regulations","30","20"
"Commission implementing directives","0","0"
"Commission implementing decisions","21","13"
"Total","51","51"
"Total","51"
"Other acts"
"Commission regulations","0","1"
"Commission directives","0","0"
"Commission decisions","33","0"
"European Central Bank regulations","0","0"
"European Central Bank decisions","0","2"
"European Central Bank guidelines****","1","1"
"European Central Bank recommendations","1","0"
"European Central Bank opinions","3","0"
"Total","38","4"
"Total","38"
"Statistics for","2022","3"
"","Adopted acts"
"","Basic","Amending"
"Legislative acts - Ordinary legislative procedure"
"Regulations of the European Parliament and of the Council","0","0"
"Directives of the European Parliament and of the Council","0","1"
"Decisions of the European Parliament and of the Council","0","0"
"Total","0","1"
"Total","0"
"Other legislative acts"
"Council regulations","0","7"
"Council directives","0","0"
"Council decisions","16","15"
"Total","16","22"
"Total","16"
"Non-legislative acts"
"Delegated acts"
"Commission delegated regulations","7","12"
"Commission delegated directives","0","1"
"Commission delegated decisions","0","0"
"Total","7","13"
"Total","7"
"Implementing acts"
"Council implementing regulations","0","6"
"Council implementing decisions","1","2"
"Commission implementing regulations","25","30"
"Commission implementing directives","0","0"
"Commission implementing decisions","14","14"
"Total","40","52"
"Total","40"
"Other acts"
"Commission regulations","1","8"
"Commission directives","0","0"
"Commission decisions","36","4"
"European Central Bank regulations","0","1"
"European Central Bank decisions","1","3"
"European Central Bank guidelines****","0","1"
"European Central Bank recommendations","2","0"
"European Central Bank opinions","7","0"
"Total","47","17"
"Total","47"
"Statistics for","2022","4"
"","Adopted acts"
"","Basic","Amending"
"Legislative acts - Ordinary legislative procedure"
"Regulations of the European Parliament and of the Council","1","5"
"Directives of the European Parliament and of the Council","0","2"
"Decisions of the European Parliament and of the Council","2","0"
"Total","3","7"
"Total","3"
"Other legislative acts"
"Council regulations","0","8"
"Council directives","0","2"
"Council decisions","18","17"
"Total","18","27"
"Total","18"
"Non-legislative acts"
"Delegated acts"
"Commission delegated regulations","4","4"
"Commission delegated directives","0","0"
"Commission delegated decisions","0","0"
"Total","4","4"
"Total","4"
"Implementing acts"
"Council implementing regulations","0","6"
"Council implementing decisions","4","2"
"Commission implementing regulations","21","22"
"Commission implementing directives","0","0"
"Commission implementing decisions","25","6"
"Total","50","36"
"Total","50"
"Other acts"
"Commission regulations","0","4"
"Commission directives","0","0"
"Commission decisions","44","0"
"European Central Bank regulations","0","0"
"European Central Bank decisions","2","0"
"European Central Bank guidelines****","1","0"
"European Central Bank recommendations","1","0"
"European Central Bank opinions","4","0"
"Total","52","4"
"Total","52"
"Statistics for","2022","5"
"","Adopted acts"
"","Basic","Amending"
"Legislative acts - Ordinary legislative procedure"
"Regulations of the European Parliament and of the Council","6","1"
"Directives of the European Parliament and of the Council","0","0"
"Decisions of the European Parliament and of the Council","0","1"
"Total","6","2"
"Total","6"
"Other legislative acts"
"Council regulations","0","0"
"Council directives","0","0"
"Council decisions","16","10"
"Total","16","10"
"Total","16"
"Non-legislative acts"
"Delegated acts"
"Commission delegated regulations","3","5"
"Commission delegated directives","0","2"
"Commission delegated decisions","0","0"
"Total","3","7"
"Total","3"
"Implementing acts"
"Council implementing regulations","0","3"
"Council implementing decisions","1","1"
"Commission implementing regulations","20","34"
"Commission implementing directives","0","0"
"Commission implementing decisions","20","9"
"Total","41","47"
"Total","41"
"Other acts"
"Commission regulations","7","0"
"Commission directives","0","0"
"Commission decisions","23","0"
"European Central Bank regulations","0","0"
"European Central Bank decisions","0","0"
"European Central Bank guidelines****","1","4"
"European Central Bank recommendations","2","0"
"European Central Bank opinions","1","0"
"Total","34","4"
"Total","34"
"Statistics for","2022","6"
"","Adopted acts"
"","Basic","Amending"
"Legislative acts - Ordinary legislative procedure"
"Regulations of the European Parliament and of the Council","1","6"
"Directives of the European Parliament and of the Council","1","0"
"Decisions of the European Parliament and of the Council","0","0"
"Total","2","6"
"Total","2"
"Other legislative acts"
"Council regulations","1","6"
"Council directives","0","1"
"Council decisions","35","9"
"Total","36","16"
"Total","36"
"Non-legislative acts"
"Delegated acts"
"Commission delegated regulations","9","11"
"Commission delegated directives","0","1"
"Commission delegated decisions","0","0"
"Total","9","12"
"Total","9"
"Implementing acts"
"Council implementing regulations","0","6"
"Council implementing decisions","2","2"
"Commission implementing regulations","35","20"
"Commission implementing directives","0","1"
"Commission implementing decisions","23","12"
"Total","60","41"
"Total","60"
"Other acts"
"Commission regulations","0","5"
"Commission directives","0","0"
"Commission decisions","42","0"
"European Central Bank regulations","0","0"
"European Central Bank decisions","0","0"
"European Central Bank guidelines****","0","0"
"European Central Bank recommendations","0","0"
"European Central Bank opinions","4","0"
"Total","46","5"
"Total","46"
"Statistics for","2022","7"
"","Adopted acts"
"","Basic","Amending"
"Legislative acts - Ordinary legislative procedure"
"Regulations of the European Parliament and of the Council","2","2"
"Directives of the European Parliament and of the Council","0","0"
"Decisions of the European Parliament and of the Council","1","0"
"Total","3","2"
"Total","3"
"Other legislative acts"
"Council regulations","0","5"
"Council directives","0","0"
"Council decisions","27","15"
"Total","27","20"
"Total","27"
"Non-legislative acts"
"Delegated acts"
"Commission delegated regulations","20","6"
"Commission delegated directives","0","0"
"Commission delegated decisions","0","0"
"Total","20","6"
"Total","20"
"Implementing acts"
"Council implementing regulations","1","7"
"Council implementing decisions","0","4"
"Commission implementing regulations","48","29"
"Commission implementing directives","0","0"
"Commission implementing decisions","17","6"
"Total","66","46"
"Total","66"
"Other acts"
"Commission regulations","1","9"
"Commission directives","0","0"
"Commission decisions","44","1"
"European Central Bank regulations","0","0"
"European Central Bank decisions","0","0"
"European Central Bank guidelines****","0","1"
"European Central Bank recommendations","1","0"
"European Central Bank opinions","3","0"
"Total","49","11"
"Total","49"
"Statistics for","2022","8"
"","Adopted acts"
"","Basic","Amending"
"Legislative acts - Ordinary legislative procedure"
"Regulations of the European Parliament and of the Council","0","0"
"Directives of the European Parliament and of the Council","0","0"
"Decisions of the European Parliament and of the Council","0","0"
"Total","0","0"
"Total","0"
"Other legislative acts"
"Council regulations","1","0"
"Council directives","0","0"
"Council decisions","0","2"
"Total","1","2"
"Total","1"
"Non-legislative acts"
"Delegated acts"
"Commission delegated regulations","6","13"
"Commission delegated directives","0","0"
"Commission delegated decisions","0","0"
"Total","6","13"
"Total","6"
"Implementing acts"
"Council implementing regulations","0","2"
"Council implementing decisions","0","0"
"Commission implementing regulations","33","15"
"Commission implementing directives","0","0"
"Commission implementing decisions","5","7"
"Total","38","24"
"Total","38"
"Other acts"
"Commission regulations","1","14"
"Commission directives","0","0"
"Commission decisions","31","0"
"European Central Bank regulations","0","0"
"European Central Bank decisions","0","0"
"European Central Bank guidelines****","0","0"
"European Central Bank recommendations","0","0"
"European Central Bank opinions","4","0"
"Total","36","14"
"Total","36"
"Statistics for","2022","9"
"","Adopted acts"
"","Basic","Amending"
"Legislative acts - Ordinary legislative procedure"
"Regulations of the European Parliament and of the Council","1","0"
"Directives of the European Parliament and of the Council","0","0"
"Decisions of the European Parliament and of the Council","1","0"
"Total","2","0"
"Total","2"
"Other legislative acts"
"Council regulations","0","2"
"Council directives","0","0"
"Council decisions","25","8"
"Total","25","10"
"Total","25"
"Non-legislative acts"
"Delegated acts"
"Commission delegated regulations","3","8"
"Commission delegated directives","0","1"
"Commission delegated decisions","0","0"
"Total","3","9"
"Total","3"
"Implementing acts"
"Council implementing regulations","0","5"
"Council implementing decisions","2","4"
"Commission implementing regulations","32","20"
"Commission implementing directives","0","2"
"Commission implementing decisions","26","6"
"Total","60","37"
"Total","60"
"Other acts"
"Commission regulations","2","4"
"Commission directives","0","0"
"Commission decisions","31","1"
"European Central Bank regulations","1","0"
"European Central Bank decisions","2","1"
"European Central Bank guidelines****","0","0"
"European Central Bank recommendations","0","0"
"European Central Bank opinions","6","0"
"Total","42","6"
"Total","42"
"Statistics for","2022","10"
"","Adopted acts"
"","Basic","Amending"
"Legislative acts - Ordinary legislative procedure"
"Regulations of the European Parliament and of the Council","2","5"
"Directives of the European Parliament and of the Council","2","0"
"Decisions of the European Parliament and of the Council","0","0"
"Total","4","5"
"Total","4"
"Other legislative acts"
"Council regulations","3","7"
"Council directives","0","0"
"Council decisions","26","17"
"Total","29","24"
"Total","29"
"Non-legislative acts"
"Delegated acts"
"Commission delegated regulations","4","16"
"Commission delegated directives","0","2"
"Commission delegated decisions","0","0"
"Total","4","18"
"Total","4"
"Implementing acts"
"Council implementing regulations","0","9"
"Council implementing decisions","0","10"
"Commission implementing regulations","34","13"
"Commission implementing directives","0","0"
"Commission implementing decisions","13","8"
"Total","47","40"
"Total","47"
"Other acts"
"Commission regulations","2","4"
"Commission directives","0","0"
"Commission decisions","39","1"
"European Central Bank regulations","0","0"
"European Central Bank decisions","3","2"
"European Central Bank guidelines****","0","0"
"European Central Bank recommendations","0","0"
"European Central Bank opinions","0","0"
"Total","44","7"
"Total","44"
"Statistics for","2022","11"
"","Adopted acts"
"","Basic","Amending"
"Legislative acts - Ordinary legislative procedure"
"Regulations of the European Parliament and of the Council","5","2"
"Directives of the European Parliament and of the Council","1","1"
"Decisions of the European Parliament and of the Council","0","0"
"Total","6","3"
"Total","6"
"Other legislative acts"
"Council regulations","2","1"
"Council directives","0","0"
"Council decisions","32","14"
"Total","34","15"
"Total","34"
"Non-legislative acts"
"Delegated acts"
"Commission delegated regulations","7","9"
"Commission delegated directives","0","0"
"Commission delegated decisions","0","0"
"Total","7","9"
"Total","7"
"Implementing acts"
"Council implementing regulations","0","8"
"Council implementing decisions","2","5"
"Commission implementing regulations","27","13"
"Commission implementing directives","0","0"
"Commission implementing decisions","15","4"
"Total","44","30"
"Total","44"
"Other acts"
"Commission regulations","3","3"
"Commission directives","0","0"
"Commission decisions","32","0"
"European Central Bank regulations","0","0"
"European Central Bank decisions","2","2"
"European Central Bank guidelines****","0","1"
"European Central Bank recommendations","0","0"
"European Central Bank opinions","6","0"
"Total","43","6"
"Total","43"
"Statistics for","2022","12"
"","Adopted acts"
"","Basic","Amending"
"Legislative acts - Ordinary legislative procedure"
"Regulations of the European Parliament and of the Council","3","3"
"Directives of the European Parliament and of the Council","3","2"
"Decisions of the European Parliament and of the Council","2","0"
"Total","8","5"
"Total","8"
"Other legislative acts"
"Council regulations","4","8"
"Council directives","1","0"
"Council decisions","28","16"
"Total","33","24"
"Total","33"
"Non-legislative acts"
"Delegated acts"
"Commission delegated regulations","3","12"
"Commission delegated directives","0","1"
"Commission delegated decisions","0","0"
"Total","3","13"
"Total","3"
"Implementing acts"
"Council implementing regulations","0","9"
"Council implementing decisions","2","6"
"Commission implementing regulations","23","26"
"Commission implementing directives","0","1"
"Commission implementing decisions","15","8"
"Total","40","50"
"Total","40"
"Other acts"
"Commission regulations","4","5"
"Commission directives","0","0"
"Commission decisions","48","0"
"European Central Bank regulations","0","1"
"European Central Bank decisions","1","3"
"European Central Bank guidelines****","0","3"
"European Central Bank recommendations","1","0"
"European Central Bank opinions","5","0"
"Total","59","12"
"Total","59"
"Statistics for","2023","1"
"","Adopted acts"
"","Basic","Amending"
"Legislative acts - Ordinary legislative procedure"
"Regulations of the European Parliament and of the Council","0","1"
"Directives of the European Parliament and of the Council","0","0"
"Decisions of the European Parliament and of the Council","0","2"
"Total","0","3"
"Total","0"
"Other legislative acts"
"Council regulations","2","3"
"Council directives","0","0"
"Council decisions","20","8"
"Total","22","11"
"Total","22"
"Non-legislative acts"
"Delegated acts"
"Commission delegated regulations","2","9"
"Commission delegated directives","0","0"
"Commission delegated decisions","0","0"
"Total","2","9"
"Total","2"
"Implementing acts"
"Council implementing regulations","1","3"
"Council implementing decisions","0","3"
"Commission implementing regulations","34","20"
"Commission implementing directives","0","0"
"Commission implementing decisions","15","6"
"Total","50","32"
"Total","50"
"Other acts"
"Commission regulations","3","8"
"Commission directives","0","1"
"Commission decisions","15","0"
"European Central Bank regulations","0","0"
"European Central Bank decisions","0","0"
"European Central Bank guidelines****","0","0"
"European Central Bank recommendations","0","0"
"European Central Bank opinions","2","0"
"Total","20","9"
"Total","20"
"Statistics for","2023","2"
"","Adopted acts"
"","Basic","Amending"
"Legislative acts - Ordinary legislative procedure"
"Regulations of the European Parliament and of the Council","0","1"
"Directives of the European Parliament and of the Council","0","0"
"Decisions of the European Parliament and of the Council","0","0"
"Total","0","1"
"Total","0"
"Other legislative acts"
"Council regulations","0","5"
"Council directives","0","0"
"Council decisions","25","17"
"Total","25","22"
"Total","25"
"Non-legislative acts"
"Delegated acts"
"Commission delegated regulations","4","8"
"Commission delegated directives","0","0"
"Commission delegated decisions","0","0"
"Total","4","8"
"Total","4"
"Implementing acts"
"Council implementing regulations","1","7"
"Council implementing decisions","0","2"
"Commission implementing regulations","32","14"
"Commission implementing directives","0","0"
"Commission implementing decisions","16","4"
"Total","49","27"
"Total","49"
"Other acts"
"Commission regulations","0","6"
"Commission directives","0","0"
"Commission decisions","29","5"
"European Central Bank regulations","0","0"
"European Central Bank decisions","1","0"
"European Central Bank guidelines****","0","0"
"European Central Bank recommendations","1","0"
"European Central Bank opinions","3","0"
"Total","34","11"
"Total","34"
"Statistics for","2023","3"
"","Adopted acts"
"","Basic","Amending"
"Legislative acts - Ordinary legislative procedure"
"Regulations of the European Parliament and of the Council","3","3"
"Directives of the European Parliament and of the Council","0","0"
"Decisions of the European Parliament and of the Council","0","0"
"Total","3","3"
"Total","3"
"Other legislative acts"
"Council regulations","0","3"
"Council directives","0","0"
"Council decisions","42","12"
"Total","42","15"
"Total","42"
"Non-legislative acts"
"Delegated acts"
"Commission delegated regulations","3","2"
"Commission delegated directives","0","0"
"Commission delegated decisions","0","0"
"Total","3","2"
"Total","3"
"Implementing acts"
"Council implementing regulations","1","5"
"Council implementing decisions","1","1"
"Commission implementing regulations","43","25"
"Commission implementing directives","0","0"
"Commission implementing decisions","18","6"
"Total","63","37"
"Total","63"
"Other acts"
"Commission regulations","1","8"
"Commission directives","0","0"
"Commission decisions","36","3"
"European Central Bank regulations","0","0"
"European Central Bank decisions","3","1"
"European Central Bank guidelines****","0","0"
"European Central Bank recommendations","1","0"
"European Central Bank opinions","3","0"
"Total","44","12"
"Total","44"
"Statistics for","2023","4"
"","Adopted acts"
"","Basic","Amending"
"Legislative acts - Ordinary legislative procedure"
"Regulations of the European Parliament and of the Council","0","4"
"Directives of the European Parliament and of the Council","0","0"
"Decisions of the European Parliament and of the Council","0","1"
"Total","0","5"
"Total","0"
"Other legislative acts"
"Council regulations","1","0"
"Council directives","0","0"
"Council decisions","13","7"
"Total","14","7"
"Total","14"
"Non-legislative acts"
"Delegated acts"
"Commission delegated regulations","3","5"
"Commission delegated directives","0","0"
"Commission delegated decisions","0","0"
"Total","3","5"
"Total","3"
"Implementing acts"
"Council implementing regulations","0","8"
"Council implementing decisions","0","3"
"Commission implementing regulations","23","8"
"Commission implementing directives","0","0"
"Commission implementing decisions","4","6"
"Total","27","25"
"Total","27"
"Other acts"
"Commission regulations","2","1"
"Commission directives","0","0"
"Commission decisions","19","0"
"European Central Bank regulations","0","0"
"European Central Bank decisions","0","2"
"European Central Bank guidelines****","0","1"
"European Central Bank recommendations","2","0"
"European Central Bank opinions","3","0"
"Total","26","4"
"Total","26"
"Statistics for","2023","5"
"","Adopted acts"
"","Basic","Amending"
"Legislative acts - Ordinary legislative procedure"
"Regulations of the European Parliament and of the Council","8","1"
"Directives of the European Parliament and of the Council","2","3"
"Decisions of the European Parliament and of the Council","1","0"
"Total","11","4"
"Total","11"
"Other legislative acts"
"Council regulations","0","0"
"Council directives","0","0"
"Council decisions","38","7"
"Total","38","7"
"Total","38"
"Non-legislative acts"
"Delegated acts"
"Commission delegated regulations","5","7"
"Commission delegated directives","0","2"
"Commission delegated decisions","0","1"
"Total","5","10"
"Total","5"
"Implementing acts"
"Council implementing regulations","0","5"
"Council implementing decisions","1","2"
"Commission implementing regulations","30","27"
"Commission implementing directives","0","0"
"Commission implementing decisions","12","6"
"Total","43","40"
"Total","43"
"Other acts"
"Commission regulations","0","7"
"Commission directives","0","0"
"Commission decisions","23","1"
"European Central Bank regulations","0","1"
"European Central Bank decisions","0","0"
"European Central Bank guidelines****","0","0"
"European Central Bank recommendations","0","0"
"European Central Bank opinions","2","0"
"Total","25","9"
"Total","25"
"Statistics for","2023","6"
"","Adopted acts"
"","Basic","Amending"
"Legislative acts - Ordinary legislative procedure"
"Regulations of the European Parliament and of the Council","4","1"
"Directives of the European Parliament and of the Council","0","0"
"Decisions of the European Parliament and of the Council","0","1"
"Total","4","2"
"Total","4"
"Other legislative acts"
"Council regulations","1","7"
"Council directives","0","0"
"Council decisions","28","13"
"Total","29","20"
"Total","29"
"Non-legislative acts"
"Delegated acts"
"Commission delegated regulations","5","10"
"Commission delegated directives","0","0"
"Commission delegated decisions","0","0"
"Total","5","10"
"Total","5"
"Implementing acts"
"Council implementing regulations","0","6"
"Council implementing decisions","1","3"
"Commission implementing regulations","69","23"
"Commission implementing directives","0","0"
"Commission implementing decisions","22","6"
"Total","92","38"
"Total","92"
"Other acts"
"Commission regulations","7","7"
"Commission directives","0","0"
"Commission decisions","35","0"
"European Central Bank regulations","0","0"
"European Central Bank decisions","0","0"
"European Central Bank guidelines****","0","0"
"European Central Bank recommendations","3","0"
"European Central Bank opinions","5","0"
"Total","50","7"
"Total","50"
"Statistics for","2023","7"
"","Adopted acts"
"","Basic","Amending"
"Legislative acts - Ordinary legislative procedure"
"Regulations of the European Parliament and of the Council","4","0"
"Directives of the European Parliament and of the Council","1","0"
"Decisions of the European Parliament and of the Council","1","0"
"Total","6","0"
"Total","6"
"Other legislative acts"
"Council regulations","2","6"
"Council directives","0","0"
"Council decisions","22","16"
"Total","24","22"
"Total","24"
"Non-legislative acts"
"Delegated acts"
"Commission delegated regulations","8","8"
"Commission delegated directives","0","0"
"Commission delegated decisions","1","0"
"Total","9","8"
"Total","9"
"Implementing acts"
"Council implementing regulations","1","7"
"Council implementing decisions","2","3"
"Commission implementing regulations","39","14"
"Commission implementing directives","0","1"
"Commission implementing decisions","15","7"
"Total","57","32"
"Total","57"
"Other acts"
"Commission regulations","3","7"
"Commission directives","0","0"
"Commission decisions","29","1"
"European Central Bank regulations","0","0"
"European Central Bank decisions","1","0"
"European Central Bank guidelines****","0","0"
"European Central Bank recommendations","0","0"
"European Central Bank opinions","5","0"
"Total","38","8"
"Total","38"
"Statistics for","2023","8"
"","Adopted acts"
"","Basic","Amending"
"Legislative acts - Ordinary legislative procedure"
"Regulations of the European Parliament and of the Council","0","0"
"Directives of the European Parliament and of the Council","0","0"
"Decisions of the European Parliament and of the Council","0","0"
"Total","0","0"
"Total","0"
"Other legislative acts"
"Council regulations","0","2"
"Council directives","0","0"
"Council decisions","2","3"
"Total","2","5"
"Total","2"
"Non-legislative acts"
"Delegated acts"
"Commission delegated regulations","9","4"
"Commission delegated directives","0","0"
"Commission delegated decisions","0","0"
"Total","9","4"
"Total","9"
"Implementing acts"
"Council implementing regulations","0","1"
"Council implementing decisions","0","1"
"Commission implementing regulations","33","15"
"Commission implementing directives","0","0"
"Commission implementing decisions","5","6"
"Total","38","23"
"Total","38"
"Other acts"
"Commission regulations","4","1"
"Commission directives","0","0"
"Commission decisions","33","1"
"European Central Bank regulations","0","2"
"European Central Bank decisions","2","0"
"European Central Bank guidelines****","0","0"
"European Central Bank recommendations","0","0"
"European Central Bank opinions","0","0"
"Total","39","4"
"Total","39"
"Statistics for","2023","9"
"","Adopted acts"
"","Basic","Amending"
"Legislative acts - Ordinary legislative procedure"
"Regulations of the European Parliament and of the Council","4","0"
"Directives of the European Parliament and of the Council","1","0"
"Decisions of the European Parliament and of the Council","0","0"
"Total","5","0"
"Total","5"
"Other legislative acts"
"Council regulations","1","1"
"Council directives","0","0"
"Council decisions","33","7"
"Total","34","8"
"Total","34"
"Non-legislative acts"
"Delegated acts"
"Commission delegated regulations","4","11"
"Commission delegated directives","0","1"
"Commission delegated decisions","0","1"
"Total","4","13"
"Total","4"
"Implementing acts"
"Council implementing regulations","0","4"
"Council implementing decisions","0","2"
"Commission implementing regulations","41","23"
"Commission implementing directives","0","0"
"Commission implementing decisions","16","2"
"Total","57","31"
"Total","57"
"Other acts"
"Commission regulations","2","8"
"Commission directives","0","0"
"Commission decisions","37","1"
"European Central Bank regulations","0","0"
"European Central Bank decisions","1","1"
"European Central Bank guidelines****","0","1"
"European Central Bank recommendations","0","0"
"European Central Bank opinions","6","0"
"Total","46","11"
"Total","46"
"Statistics for","2023","10"
"","Adopted acts"
"","Basic","Amending"
"Legislative acts - Ordinary legislative procedure"
"Regulations of the European Parliament and of the Council","5","1"
"Directives of the European Parliament and of the Council","1","2"
"Decisions of the European Parliament and of the Council","0","0"
"Total","6","3"
"Total","6"
"Other legislative acts"
"Council regulations","2","0"
"Council directives","0","1"
"Council decisions","25","10"
"Total","27","11"
"Total","27"
"Non-legislative acts"
"Delegated acts"
"Commission delegated regulations","9","11"
"Commission delegated directives","0","3"
"Commission delegated decisions","0","0"
"Total","9","14"
"Total","9"
"Implementing acts"
"Council implementing regulations","0","4"
"Council implementing decisions","2","0"
"Commission implementing regulations","43","29"
"Commission implementing directives","0","0"
"Commission implementing decisions","9","6"
"Total","54","39"
"Total","54"
"Other acts"
"Commission regulations","3","3"
"Commission directives","0","0"
"Commission decisions","40","0"
"European Central Bank regulations","0","0"
"European Central Bank decisions","1","0"
"European Central Bank guidelines****","0","0"
"European Central Bank recommendations","1","0"
"European Central Bank opinions","5","0"
"Total","50","3"
"Total","50"
"Statistics for","2023","11"
"","Adopted acts"
"","Basic","Amending"
"Legislative acts - Ordinary legislative procedure"
"Regulations of the European Parliament and of the Council","2","5"
"Directives of the European Parliament and of the Council","0","3"
"Decisions of the European Parliament and of the Council","0","1"
"Total","2","9"
"Total","2"
"Other legislative acts"
"Council regulations","2","3"
"Council directives","0","0"
"Council decisions","32","11"
"Total","34","14"
"Total","34"
"Non-legislative acts"
"Delegated acts"
"Commission delegated regulations","3","14"
"Commission delegated directives","0","0"
"Commission delegated decisions","0","0"
"Total","3","14"
"Total","3"
"Implementing acts"
"Council implementing regulations","0","5"
"Council implementing decisions","0","3"
"Commission implementing regulations","58","16"
"Commission implementing directives","0","0"
"Commission implementing decisions","16","7"
"Total","74","31"
"Total","74"
"Other acts"
"Commission regulations","4","6"
"Commission directives","0","0"
"Commission decisions","31","0"
"European Central Bank regulations","0","0"
"European Central Bank decisions","1","1"
"European Central Bank guidelines****","0","0"
"European Central Bank recommendations","0","0"
"European Central Bank opinions","4","0"
"Total","40","7"
"Total","40"
"Statistics for","2023","12"
"","Adopted acts"
"","Basic","Amending"
"Legislative acts - Ordinary legislative procedure"
"Regulations of the European Parliament and of the Council","5","3"
"Directives of the European Parliament and of the Council","0","2"
"Decisions of the European Parliament and of the Council","0","0"
"Total","5","5"
"Total","5"
"Other legislative acts"
"Council regulations","0","8"
"Council directives","0","0"
"Council decisions","44","15"
"Total","44","23"
"Total","44"
"Non-legislative acts"
"Delegated acts"
"Commission delegated regulations","10","7"
"Commission delegated directives","0","0"
"Commission delegated decisions","0","0"
"Total","10","7"
"Total","10"
"Implementing acts"
"Council implementing regulations","1","8"
"Council implementing decisions","1","2"
"Commission implementing regulations","42","13"
"Commission implementing directives","0","0"
"Commission implementing decisions","15","4"
"Total","59","27"
"Total","59"
"Other acts"
"Commission regulations","6","1"
"Commission directives","0","0"
"Commission decisions","46","0"
"European Central Bank regulations","0","0"
"European Central Bank decisions","5","5"
"European Central Bank guidelines****","0","0"
"European Central Bank recommendations","0","0"
"European Central Bank opinions","9","0"
"Total","66","6"
"Total","66"
"Statistics for","2024","1"
"","Adopted acts"
"","Basic","Amending"
"Legislative acts - Ordinary legislative procedure"
"Regulations of the European Parliament and of the Council","0","0"
"Directives of the European Parliament and of the Council","0","0"
"Decisions of the European Parliament and of the Council","0","0"
"Total","0","0"
"Total","0"
"Other legislative acts"
"Council regulations","4","0"
"Council directives","0","0"
"Council decisions","28","9"
"Total","32","9"
"Total","32"
"Non-legislative acts"
"Delegated acts"
"Commission delegated regulations","4","8"
"Commission delegated directives","0","0"
"Commission delegated decisions","0","0"
"Total","4","8"
"Total","4"
"Implementing acts"
"Council implementing regulations","1","7"
"Council implementing decisions","0","2"
"Commission implementing regulations","30","28"
"Commission implementing directives","0","1"
"Commission implementing decisions","18","8"
"Total","49","46"
"Total","49"
"Other acts"
"Commission regulations","2","17"
"Commission directives","0","0"
"Commission decisions","39","3"
"European Central Bank regulations","0","0"
"European Central Bank decisions","1","0"
"European Central Bank guidelines****","0","1"
"European Central Bank recommendations","1","0"
"European Central Bank opinions","2","0"
"Total","45","21"
"Total","45"
"Statistics for","2024","2"
"","Adopted acts"
"","Basic","Amending"
"Legislative acts - Ordinary legislative procedure"
"Regulations of the European Parliament and of the Council","6","1"
"Directives of the European Parliament and of the Council","0","3"
"Decisions of the European Parliament and of the Council","1","0"
"Total","7","4"
"Total","7"
"Other legislative acts"
"Council regulations","0","5"
"Council directives","0","0"
"Council decisions","11","9"
"Total","11","14"
"Total","11"
"Non-legislative acts"
"Delegated acts"
"Commission delegated regulations","11","8"
"Commission delegated directives","0","0"
"Commission delegated decisions","0","0"
"Total","11","8"
"Total","11"
"Implementing acts"
"Council implementing regulations","0","5"
"Council implementing decisions","3","1"
"Commission implementing regulations","25","17"
"Commission implementing directives","0","0"
"Commission implementing decisions","26","3"
"Total","54","26"
"Total","54"
"Other acts"
"Commission regulations","1","1"
"Commission directives","0","0"
"Commission decisions","37","0"
"European Central Bank regulations","0","0"
"European Central Bank decisions","0","1"
"European Central Bank guidelines****","0","3"
"European Central Bank recommendations","0","0"
"European Central Bank opinions","4","0"
"Total","42","5"
"Total","42"
"Statistics for","2024","3"
"","Adopted acts"
"","Basic","Amending"
"Legislative acts - Ordinary legislative procedure"
"Regulations of the European Parliament and of the Council","3","3"
"Directives of the European Parliament and of the Council","0","3"
"Decisions of the European Parliament and of the Council","1","0"
"Total","4","6"
"Total","4"
"Other legislative acts"
"Council regulations","0","2"
"Council directives","0","0"
"Council decisions","28","8"
"Total","28","10"
"Total","28"
"Non-legislative acts"
"Delegated acts"
"Commission delegated regulations","16","21"
"Commission delegated directives","0","5"
"Commission delegated decisions","2","1"
"Total","18","27"
"Total","18"
"Implementing acts"
"Council implementing regulations","0","4"
"Council implementing decisions","1","0"
"Commission implementing regulations","35","26"
"Commission implementing directives","0","0"
"Commission implementing decisions","8","7"
"Total","44","37"
"Total","44"
"Other acts"
"Commission regulations","0","7"
"Commission directives","0","0"
"Commission decisions","44","1"
"European Central Bank regulations","0","0"
"European Central Bank decisions","1","2"
"European Central Bank guidelines****","0","0"
"European Central Bank recommendations","0","0"
"European Central Bank opinions","3","0"
"Total","48","10"
"Total","48"
"Statistics for","2024","4"
"","Adopted acts"
"","Basic","Amending"
"Legislative acts - Ordinary legislative procedure"
"Regulations of the European Parliament and of the Council","9","6"
"Directives of the European Parliament and of the Council","6","3"
"Decisions of the European Parliament and of the Council","1","2"
"Total","16","11"
"Total","16"
"Other legislative acts"
"Council regulations","0","3"
"Council directives","0","1"
"Council decisions","29","11"
"Total","29","15"
"Total","29"
"Non-legislative acts"
"Delegated acts"
"Commission delegated regulations","0","1"
"Commission delegated directives","0","0"
"Commission delegated decisions","0","0"
"Total","0","1"
"Total","0"
"Implementing acts"
"Council implementing regulations","0","7"
"Council implementing decisions","3","1"
"Commission implementing regulations","42","21"
"Commission implementing directives","0","0"
"Commission implementing decisions","9","7"
"Total","54","36"
"Total","54"
"Other acts"
"Commission regulations","2","8"
"Commission directives","0","0"
"Commission decisions","24","0"
"European Central Bank regulations","0","0"
"European Central Bank decisions","1","0"
"European Central Bank guidelines****","1","1"
"European Central Bank recommendations","1","0"
"European Central Bank opinions","3","0"
"Total","32","9"
"Total","32"
"Statistics for","2024","5"
"","Adopted acts"
"","Basic","Amending"
"Legislative acts - Ordinary legislative procedure"
"Regulations of the European Parliament and of the Council","13","4"
"Directives of the European Parliament and of the Council","4","3"
"Decisions of the European Parliament and of the Council","0","0"
"Total","17","7"
"Total","17"
"Other legislative acts"
"Council regulations","1","5"
"Council directives","1","0"
"Council decisions","32","12"
"Total","34","17"
"Total","34"
"Non-legislative acts"
"Delegated acts"
"Commission delegated regulations","4","2"
"Commission delegated directives","0","1"
"Commission delegated decisions","0","0"
"Total","4","3"
"Total","4"
"Implementing acts"
"Council implementing regulations","1","6"
"Council implementing decisions","2","0"
"Commission implementing regulations","21","20"
"Commission implementing directives","0","0"
"Commission implementing decisions","21","4"
"Total","45","30"
"Total","45"
"Other acts"
"Commission regulations","1","9"
"Commission directives","0","0"
"Commission decisions","27","0"
"European Central Bank regulations","0","0"
"European Central Bank decisions","0","0"
"European Central Bank guidelines****","0","0"
"European Central Bank recommendations","0","0"
"European Central Bank opinions","7","0"
"Total","35","9"
"Total","35"
"Statistics for","2024","6"
"","Adopted acts"
"","Basic","Amending"
"Legislative acts - Ordinary legislative procedure"
"Regulations of the European Parliament and of the Council","8","4"
"Directives of the European Parliament and of the Council","3","2"
"Decisions of the European Parliament and of the Council","0","0"
"Total","11","6"
"Total","11"
"Other legislative acts"
"Council regulations","0","9"
"Council directives","0","0"
"Council decisions","32","17"
"Total","32","26"
"Total","32"
"Non-legislative acts"
"Delegated acts"
"Commission delegated regulations","1","5"
"Commission delegated directives","0","0"
"Commission delegated decisions","0","0"
"Total","1","5"
"Total","1"
"Implementing acts"
"Council implementing regulations","1","8"
"Council implementing decisions","1","2"
"Commission implementing regulations","41","16"
"Commission implementing directives","0","0"
"Commission implementing decisions","11","2"
"Total","54","28"
"Total","54"
"Other acts"
"Commission regulations","4","5"
"Commission directives","0","0"
"Commission decisions","43","1"
"European Central Bank regulations","1","0"
"European Central Bank decisions","0","0"
"European Central Bank guidelines****","0","0"
"European Central Bank recommendations","1","0"
"European Central Bank opinions","3","0"
"Total","52","6"
"Total","52"
"Statistics for","2024","7"
"","Adopted acts"
"","Basic","Amending"
"Legislative acts - Ordinary legislative procedure"
"Regulations of the European Parliament and of the Council","0","0"
"Directives of the European Parliament and of the Council","0","0"
"Decisions of the European Parliament and of the Council","0","0"
"Total","0","0"
"Total","0"
"Other legislative acts"
"Council regulations","1","2"
"Council directives","0","0"
"Council decisions","31","17"
"Total","32","19"
"Total","32"
"Non-legislative acts"
"Delegated acts"
"Commission delegated regulations","10","17"
"Commission delegated directives","0","0"
"Commission delegated decisions","0","0"
"Total","10","17"
"Total","10"
"Implementing acts"
"Council implementing regulations","1","8"
"Council implementing decisions","0","4"
"Commission implementing regulations","62","38"
"Commission implementing directives","0","0"
"Commission implementing decisions","27","5"
"Total","90","55"
"Total","90"
"Other acts"
"Commission regulations","8","3"
"Commission directives","0","0"
"Commission decisions","55","1"
"European Central Bank regulations","0","0"
"European Central Bank decisions","0","2"
"European Central Bank guidelines****","0","2"
"European Central Bank recommendations","1","0"
"European Central Bank opinions","4","0"
"Total","68","8"
"Total","68"
"Statistics for","2024","8"
"","Adopted acts"
"","Basic","Amending"
"Legislative acts - Ordinary legislative procedure"
"Regulations of the European Parliament and of the Council","0","0"
"Directives of the European Parliament and of the Council","0","0"
"Decisions of the European Parliament and of the Council","0","0"
"Total","0","0"
"Total","0"
"Other legislative acts"
"Council regulations","0","0"
"Council directives","0","0"
"Council decisions","1","0"
"Total","1","0"
"Total","1"
"Non-legislative acts"
"Delegated acts"
"Commission delegated regulations","2","0"
"Commission delegated directives","0","0"
"Commission delegated decisions","0","0"
"Total","2","0"
"Total","2"
"Implementing acts"
"Council implementing regulations","0","1"
"Council implementing decisions","1","1"
"Commission implementing regulations","6","9"
"Commission implementing directives","0","0"
"Commission implementing decisions","2","9"
"Total","9","20"
"Total","9"
"Other acts"
"Commission regulations","1","0"
"Commission directives","0","0"
"Commission decisions","32","0"
"European Central Bank regulations","0","0"
"European Central Bank decisions","0","0"
"European Central Bank guidelines****","1","1"
"European Central Bank recommendations","0","0"
"European Central Bank opinions","3","0"
"Total","37","1"
"Total","37"
"Statistics for","2024","9"
"","Adopted acts"
"","Basic","Amending"
"Legislative acts - Ordinary legislative procedure"
"Regulations of the European Parliament and of the Council","2","2"
"Directives of the European Parliament and of the Council","0","0"
"Decisions of the European Parliament and of the Council","0","0"
"Total","2","2"
"Total","2"
"Other legislative acts"
"Council regulations","1","0"
"Council directives","0","0"
"Council decisions","42","6"
"Total","43","6"
"Total","43"
"Non-legislative acts"
"Delegated acts"
"Commission delegated regulations","3","15"
"Commission delegated directives","0","0"
"Commission delegated decisions","2","0"
"Total","5","15"
"Total","5"
"Implementing acts"
"Council implementing regulations","0","3"
"Council implementing decisions","0","1"
"Commission implementing regulations","61","26"
"Commission implementing directives","0","0"
"Commission implementing decisions","14","11"
"Total","75","41"
"Total","75"
"Other acts"
"Commission regulations","0","2"
"Commission directives","0","0"
"Commission decisions","34","0"
"European Central Bank regulations","0","0"
"European Central Bank decisions","0","2"
"European Central Bank guidelines****","0","0"
"European Central Bank recommendations","0","0"
"European Central Bank opinions","4","0"
"Total","38","4"
"Total","38"
"Statistics for","2024","10"
"","Adopted acts"
"","Basic","Amending"
"Legislative acts - Ordinary legislative procedure"
"Regulations of the European Parliament and of the Council","5","4"
"Directives of the European Parliament and of the Council","7","4"
"Decisions of the European Parliament and of the Council","0","1"
"Total","12","9"
"Total","12"
"Other legislative acts"
"Council regulations","1","1"
"Council directives","0","0"
"Council decisions","34","15"
"Total","35","16"
"Total","35"
"Non-legislative acts"
"Delegated acts"
"Commission delegated regulations","11","10"
"Commission delegated directives","0","1"
"Commission delegated decisions","0","0"
"Total","11","11"
"Total","11"
"Implementing acts"
"Council implementing regulations","0","8"
"Council implementing decisions","0","3"
"Commission implementing regulations","47","18"
"Commission implementing directives","0","0"
"Commission implementing decisions","16","13"
"Total","63","42"
"Total","63"
"Other acts"
"Commission regulations","22","8"
"Commission directives","0","0"
"Commission decisions","44","0"
"European Central Bank regulations","0","0"
"European Central Bank decisions","0","4"
"European Central Bank guidelines****","0","1"
"European Central Bank recommendations","0","0"
"European Central Bank opinions","0","0"
"Total","66","13"
"Total","66"
"Statistics for","2024","11"
"","Adopted acts"
"","Basic","Amending"
"Legislative acts - Ordinary legislative procedure"
"Regulations of the European Parliament and of the Council","5","4"
"Directives of the European Parliament and of the Council","2","6"
"Decisions of the European Parliament and of the Council","0","0"
"Total","7","10"
"Total","7"
"Other legislative acts"
"Council regulations","1","1"
"Council directives","0","0"
"Council decisions","58","5"
"Total","59","6"
"Total","59"
"Non-legislative acts"
"Delegated acts"
"Commission delegated regulations","5","8"
"Commission delegated directives","0","1"
"Commission delegated decisions","1","0"
"Total","6","9"
"Total","6"
"Implementing acts"
"Council implementing regulations","0","2"
"Council implementing decisions","0","4"
"Commission implementing regulations","38","9"
"Commission implementing directives","0","2"
"Commission implementing decisions","18","7"
"Total","56","24"
"Total","56"
"Other acts"
"Commission regulations","1","6"
"Commission directives","0","0"
"Commission decisions","46","0"
"European Central Bank regulations","0","0"
"European Central Bank decisions","2","2"
"European Central Bank guidelines****","2","2"
"European Central Bank recommendations","0","0"
"European Central Bank opinions","4","0"
"Total","55","10"
"Total","55"
"Statistics for","2024","12"
"","Adopted acts"
"","Basic","Amending"
"Legislative acts - Ordinary legislative procedure"
"Regulations of the European Parliament and of the Council","6","6"
"Directives of the European Parliament and of the Council","0","2"
"Decisions of the European Parliament and of the Council","0","1"
"Total","6","9"
"Total","6"
"Other legislative acts"
"Council regulations","0","4"
"Council directives","1","0"
"Council decisions","37","17"
"Total","38","21"
"Total","38"
"Non-legislative acts"
"Delegated acts"
"Commission delegated regulations","10","6"
"Commission delegated directives","0","0"
"Commission delegated decisions","0","0"
"Total","10","6"
"Total","10"
"Implementing acts"
"Council implementing regulations","0","10"
"Council implementing decisions","2","6"
"Commission implementing regulations","18","17"
"Commission implementing directives","0","0"
"Commission implementing decisions","9","10"
"Total","29","43"
"Total","29"
"Other acts"
"Commission regulations","5","3"
"Commission directives","0","0"
"Commission decisions","39","2"
"European Central Bank regulations","0","0"
"European Central Bank decisions","0","0"
"European Central Bank guidelines****","0","0"
"European Central Bank recommendations","0","0"
"European Central Bank opinions","4","0"
"Total","48","5"
"Total","48"
"Statistics for","2025","1"
"","Adopted acts"
"","Basic","Amending"
"Legislative acts - Ordinary legislative procedure"
"Regulations of the European Parliament and of the Council","0","0"
"Directives of the European Parliament and of the Council","0","0"
"Decisions of the European Parliament and of the Council","0","0"
"Total","0","0"
"Total","0"
"Other legislative acts"
"Council regulations","2","1"
"Council directives","0","0"
"Council decisions","20","10"
"Total","22","11"
"Total","22"
"Non-legislative acts"
"Delegated acts"
"Commission delegated regulations","1","4"
"Commission delegated directives","0","0"
"Commission delegated decisions","0","0"
"Total","1","4"
"Total","1"
"Implementing acts"
"Council implementing regulations","1","4"
"Council implementing decisions","2","1"
"Commission implementing regulations","55","22"
"Commission implementing directives","0","1"
"Commission implementing decisions","15","12"
"Total","73","40"
"Total","73"
"Other acts"
"Commission regulations","11","6"
"Commission directives","0","0"
"Commission decisions","29","0"
"European Central Bank regulations","0","0"
"European Central Bank decisions","2","0"
"European Central Bank guidelines****","1","0"
"European Central Bank recommendations","2","0"
"European Central Bank opinions","2","0"
"Total","47","6"
"Total","47"
"Statistics for","2025","2"
"","Adopted acts"
"","Basic","Amending"
"Legislative acts - Ordinary legislative procedure"
"Regulations of the European Parliament and of the Council","1","0"
"Directives of the European Parliament and of the Council","0","0"
"Decisions of the European Parliament and of the Council","0","0"
"Total","1","0"
"Total","1"
"Other legislative acts"
"Council regulations","0","6"
"Council directives","0","1"
"Council decisions","17","16"
"Total","17","23"
"Total","17"
"Non-legislative acts"
"Delegated acts"
"Commission delegated regulations","6","6"
"Commission delegated directives","0","1"
"Commission delegated decisions","0","0"
"Total","6","7"
"Total","6"
"Implementing acts"
"Council implementing regulations","1","5"
"Council implementing decisions","0","1"
"Commission implementing regulations","33","26"
"Commission implementing directives","0","0"
"Commission implementing decisions","22","13"
"Total","56","45"
"Total","56"
"Other acts"
"Commission regulations","3","4"
"Commission directives","0","0"
"Commission decisions","34","1"
"European Central Bank regulations","0","0"
"European Central Bank decisions","0","1"
"European Central Bank guidelines****","0","0"
"European Central Bank recommendations","1","0"
"European Central Bank opinions","2","0"
"Total","40","6"
"Total","40"
"Statistics for","2025","3"
"","Adopted acts"
"","Basic","Amending"
"Legislative acts - Ordinary legislative procedure"
"Regulations of the European Parliament and of the Council","1","0"
"Directives of the European Parliament and of the Council","0","0"
"Decisions of the European Parliament and of the Council","0","0"
"Total","1","0"
"Total","1"
"Other legislative acts"
"Council regulations","0","4"
"Council directives","0","1"
"Council decisions","21","8"
"Total","21","13"
"Total","21"
"Non-legislative acts"
"Delegated acts"
"Commission delegated regulations","3","5"
"Commission delegated directives","0","0"
"Commission delegated decisions","0","1"
"Total","3","6"
"Total","3"
"Implementing acts"
"Council implementing regulations","1","5"
"Council implementing decisions","5","3"
"Commission implementing regulations","25","18"
"Commission implementing directives","0","0"
"Commission implementing decisions","25","10"
"Total","56","36"
"Total","56"
"Other acts"
"Commission regulations","0","2"
"Commission directives","0","0"
"Commission decisions","44","0"
"European Central Bank regulations","0","0"
"European Central Bank decisions","1","1"
"European Central Bank guidelines****","1","0"
"European Central Bank recommendations","0","0"
"European Central Bank opinions","4","0"
"Total","50","3"
"Total","50"
"Statistics for","2025","4"
"","Adopted acts"
"","Basic","Amending"
"Legislative acts - Ordinary legislative procedure"
"Regulations of the European Parliament and of the Council","0","1"
"Directives of the European Parliament and of the Council","0","1"
"Decisions of the European Parliament and of the Council","1","0"
"Total","1","2"
"Total","1"
"Other legislative acts"
"Council regulations","1","1"
"Council directives","0","1"
"Council decisions","32","7"
"Total","33","9"
"Total","33"
"Non-legislative acts"
"Delegated acts"
"Commission delegated regulations","8","7"
"Commission delegated directives","0","1"
"Commission delegated decisions","1","0"
"Total","9","8"
"Total","9"
"Implementing acts"
"Council implementing regulations","1","4"
"Council implementing decisions","2","1"
"Commission implementing regulations","25","18"
"Commission implementing directives","0","0"
"Commission implementing decisions","9","14"
"Total","37","37"
"Total","37"
"Other acts"
"Commission regulations","2","5"
"Commission directives","0","0"
"Commission decisions","29","0"
"European Central Bank regulations","0","0"
"European Central Bank decisions","0","2"
"European Central Bank guidelines****","0","0"
"European Central Bank recommendations","2","0"
"European Central Bank opinions","0","0"
"Total","33","7"
"Total","33"
"Statistics for","2025","5"
"","Adopted acts"
"","Basic","Amending"
"Legislative acts - Ordinary legislative procedure"
"Regulations of the European Parliament and of the Council","2","1"
"Directives of the European Parliament and of the Council","0","0"
"Decisions of the European Parliament and of the Council","0","0"
"Total","2","1"
"Total","2"
"Other legislative acts"
"Council regulations","1","4"
"Council directives","0","0"
"Council decisions","36","17"
"Total","37","21"
"Total","37"
"Non-legislative acts"
"Delegated acts"
"Commission delegated regulations","4","14"
"Commission delegated directives","0","0"
"Commission delegated decisions","0","0"
"Total","4","14"
"Total","4"
"Implementing acts"
"Council implementing regulations","1","8"
"Council implementing decisions","1","1"
"Commission implementing regulations","45","17"
"Commission implementing directives","0","0"
"Commission implementing decisions","23","10"
"Total","70","36"
"Total","70"
"Other acts"
"Commission regulations","1","3"
"Commission directives","0","0"
"Commission decisions","48","4"
"European Central Bank regulations","0","0"
"European Central Bank decisions","1","0"
"European Central Bank guidelines****","0","0"
"European Central Bank recommendations","2","0"
"European Central Bank opinions","4","0"
"Total","56","7"
"Total","56"
"Statistics for","2025","6"
"","Adopted acts"
"","Basic","Amending"
"Legislative acts - Ordinary legislative procedure"
"Regulations of the European Parliament and of the Council","2","3"
"Directives of the European Parliament and of the Council","0","1"
"Decisions of the European Parliament and of the Council","1","1"
"Total","3","5"
"Total","3"
"Other legislative acts"
"Council regulations","3","1"
"Council directives","1","0"
"Council decisions","32","10"
"Total","36","11"
"Total","36"
"Non-legislative acts"
"Delegated acts"
"Commission delegated regulations","8","11"
"Commission delegated directives","0","1"
"Commission delegated decisions","0","0"
"Total","8","12"
"Total","8"
"Implementing acts"
"Council implementing regulations","0","3"
"Council implementing decisions","0","0"
"Commission implementing regulations","44","21"
"Commission implementing directives","0","1"
"Commission implementing decisions","14","11"
"Total","58","36"
"Total","58"
"Other acts"
"Commission regulations","1","8"
"Commission directives","0","0"
"Commission decisions","33","1"
"European Central Bank regulations","0","0"
"European Central Bank decisions","0","3"
"European Central Bank guidelines****","0","0"
"European Central Bank recommendations","1","0"
"European Central Bank opinions","2","0"
"Total","37","12"
"Total","37"
"Statistics for","2025","7"
"","Adopted acts"
"","Basic","Amending"
"Legislative acts - Ordinary legislative procedure"
"Regulations of the European Parliament and of the Council","1","2"
"Directives of the European Parliament and of the Council","0","0"
"Decisions of the European Parliament and of the Council","0","0"
"Total","1","2"
"Total","1"
"Other legislative acts"
"Council regulations","0","6"
"Council directives","0","1"
"Council decisions","32","24"
"Total","32","31"
"Total","32"
"Non-legislative acts"
"Delegated acts"
"Commission delegated regulations","5","14"
"Commission delegated directives","0","0"
"Commission delegated decisions","0","1"
"Total","5","15"
"Total","5"
"Implementing acts"
"Council implementing regulations","1","13"
"Council implementing decisions","1","3"
"Commission implementing regulations","74","31"
"Commission implementing directives","0","0"
"Commission implementing decisions","16","7"
"Total","92","54"
"Total","92"
"Other acts"
"Commission regulations","1","4"
"Commission directives","0","1"
"Commission decisions","37","1"
"European Central Bank regulations","1","1"
"European Central Bank decisions","1","1"
"European Central Bank guidelines****","0","2"
"European Central Bank recommendations","2","0"
"European Central Bank opinions","3","0"
"Total","45","10"
"Total","45"
"Statistics for","2025","8"
"","Adopted acts"
"","Basic","Amending"
"Legislative acts - Ordinary legislative procedure"
"Regulations of the European Parliament and of the Council","0","0"
"Directives of the European Parliament and of the Council","0","0"
"Decisions of the European Parliament and of the Council","0","0"
"Total","0","0"
"Total","0"
"Other legislative acts"
"Council regulations","0","0"
"Council directives","0","0"
"Council decisions","1","0"
"Total","1","0"
"Total","1"
"Non-legislative acts"
"Delegated acts"
"Commission delegated regulations","1","5"
"Commission delegated directives","0","0"
"Commission delegated decisions","0","0"
"Total","1","5"
"Total","1"
"Implementing acts"
"Council implementing regulations","0","0"
"Council implementing decisions","1","0"
"Commission implementing regulations","13","8"
"Commission implementing directives","0","0"
"Commission implementing decisions","2","8"
"Total","16","16"
"Total","16"
"Other acts"
"Commission regulations","2","1"
"Commission directives","0","0"
"Commission decisions","27","0"
"European Central Bank regulations","0","0"
"European Central Bank decisions","0","0"
"European Central Bank guidelines****","0","0"
"European Central Bank recommendations","0","0"
"European Central Bank opinions","7","0"
"Total","36","1"
"Total","36"
"Statistics for","2025","9"
"","Adopted acts"
"","Basic","Amending"
"Legislative acts - Ordinary legislative procedure"
"Regulations of the European Parliament and of the Council","0","2"
"Directives of the European Parliament and of the Council","0","1"
"Decisions of the European Parliament and of the Council","1","0"
"Total","1","3"
"Total","1"
"Other legislative acts"
"Council regulations","1","2"
"Council directives","0","0"
"Council decisions","36","10"
"Total","37","12"
"Total","37"
"Non-legislative acts"
"Delegated acts"
"Commission delegated regulations","3","6"
"Commission delegated directives","0","3"
"Commission delegated decisions","1","0"
"Total","4","9"
"Total","4"
"Implementing acts"
"Council implementing regulations","1","7"
"Council implementing decisions","1","3"
"Commission implementing regulations","46","21"
"Commission implementing directives","0","0"
"Commission implementing decisions","22","14"
"Total","70","45"
"Total","70"
"Other acts"
"Commission regulations","1","1"
"Commission directives","0","0"
"Commission decisions","39","1"
"European Central Bank regulations","0","1"
"European Central Bank decisions","1","1"
"European Central Bank guidelines****","0","0"
"European Central Bank recommendations","0","0"
"European Central Bank opinions","6","0"
"Total","47","4"
"Total","47"
"Statistics for","2025","10"
"","Adopted acts"
"","Basic","Amending"
"Legislative acts - Ordinary legislative procedure"
"Regulations of the European Parliament and of the Council","0","6"
"Directives of the European Parliament and of the Council","1","1"
"Decisions of the European Parliament and of the Council","0","0"
"Total","1","7"
"Total","1"
"Other legislative acts"
"Council regulations","0","3"
"Council directives","0","0"
"Council decisions","37","9"
"Total","37","12"
"Total","37"
"Non-legislative acts"
"Delegated acts"
"Commission delegated regulations","4","14"
"Commission delegated directives","0","2"
"Commission delegated decisions","0","0"
"Total","4","16"
"Total","4"
"Implementing acts"
"Council implementing regulations","0","3"
"Council implementing decisions","0","2"
"Commission implementing regulations","41","37"
"Commission implementing directives","0","0"
"Commission implementing decisions","8","11"
"Total","49","53"
"Total","49"
"Other acts"
"Commission regulations","1","7"
"Commission directives","0","0"
"Commission decisions","36","0"
"European Central Bank regulations","0","0"
"European Central Bank decisions","0","2"
"European Central Bank guidelines****","0","1"
"European Central Bank recommendations","1","0"
"European Central Bank opinions","2","0"
"Total","40","10"
"Total","40"
"Statistics for","2025","11"
"","Adopted acts"
"","Basic","Amending"
"Legislative acts - Ordinary legislative procedure"
"Regulations of the European Parliament and of the Council","7","3"
"Directives of the European Parliament and of the Council","1","4"
"Decisions of the European Parliament and of the Council","0","0"
"Total","8","7"
"Total","8"
"Other legislative acts"
"Council regulations","1","1"
"Council directives","0","0"
"Council decisions","45","8"
"Total","46","9"
"Total","46"
"Non-legislative acts"
"Delegated acts"
"Commission delegated regulations","5","4"
"Commission delegated directives","0","0"
"Commission delegated decisions","0","0"
"Total","5","4"
"Total","5"
"Implementing acts"
"Council implementing regulations","0","4"
"Council implementing decisions","1","0"
"Commission implementing regulations","39","28"
"Commission implementing directives","0","0"
"Commission implementing decisions","24","17"
"Total","64","49"
"Total","64"
"Other acts"
"Commission regulations","6","6"
"Commission directives","0","0"
"Commission decisions","34","0"
"European Central Bank regulations","0","0"
"European Central Bank decisions","1","1"
"European Central Bank guidelines****","0","0"
"European Central Bank recommendations","0","0"
"European Central Bank opinions","6","0"
"Total","47","7"
"Total","47"
"Statistics for","2025","12"
"","Adopted acts"
"","Basic","Amending"
"Legislative acts - Ordinary legislative procedure"
"Regulations of the European Parliament and of the Council","2","6"
"Directives of the European Parliament and of the Council","0","1"
"Decisions of the European Parliament and of the Council","0","0"
"Total","2","7"
"Total","2"
"Other legislative acts"
"Council regulations","2","5"
"Council directives","0","0"
"Council decisions","29","18"
"Total","31","23"
"Total","31"
"Non-legislative acts"
"Delegated acts"
"Commission delegated regulations","1","8"
"Commission delegated directives","0","0"
"Commission delegated decisions","0","0"
"Total","1","8"
"Total","1"
"Implementing acts"
"Council implementing regulations","0","10"
"Council implementing decisions","3","1"
"Commission implementing regulations","41","23"
"Commission implementing directives","0","1"
"Commission implementing decisions","13","22"
"Total","57","57"
"Total","57"
"Other acts"
"Commission regulations","1","4"
"Commission directives","0","0"
"Commission decisions","33","1"
"European Central Bank regulations","0","0"
"European Central Bank decisions","1","3"
"European Central Bank guidelines****","1","0"
"European Central Bank recommendations","2","0"
"European Central Bank opinions","7","0"
"Total","45","8"
"Total","45"
"Statistics for","2026","1"
"","Adopted acts"
"","Basic","Amending"
"Legislative acts - Ordinary legislative procedure"
"Regulations of the European Parliament and of the Council","1","1"
"Directives of the European Parliament and of the Council","0","0"
"Decisions of the European Parliament and of the Council","1","0"
"Total","2","1"
"Total","2"
"Other legislative acts"
"Council regulations","2","2"
"Council directives","0","0"
"Council decisions","11","6"
"Total","13","8"
"Total","13"
"Non-legislative acts"
"Delegated acts"
"Commission delegated regulations","0","0"
"Commission delegated directives","0","0"
"Commission delegated decisions","0","0"
"Total","0","0"
"Total","0"
"Implementing acts"
"Council implementing regulations","0","7"
"Council implementing decisions","0","1"
"Commission implementing regulations","35","21"
"Commission implementing directives","0","0"
"Commission implementing decisions","8","17"
"Total","43","46"
"Total","43"
"Other acts"
"Commission regulations","2","9"
"Commission directives","0","1"
"Commission decisions","28","0"
"European Central Bank regulations","0","0"
"European Central Bank decisions","0","0"
"European Central Bank guidelines****","0","0"
"European Central Bank recommendations","0","0"
"European Central Bank opinions","4","0"
"Total","34","10"
"Total","34"
"Statistics for","2026","2"
"","Adopted acts"
"","Basic","Amending"
"Legislative acts - Ordinary legislative procedure"
"Regulations of the European Parliament and of the Council","1","4"
"Directives of the European Parliament and of the Council","0","1"
"Decisions of the European Parliament and of the Council","0","0"
"Total","1","5"
"Total","1"
"Other legislative acts"
"Council regulations","0","3"
"Council directives","0","0"
"Council decisions","10","8"
"Total","10","11"
"Total","10"
"Non-legislative acts"
"Delegated acts"
"Commission delegated regulations","0","0"
"Commission delegated directives","0","0"
"Commission delegated decisions","0","0"
"Total","0","0"
"Total","0"
"Implementing acts"
"Council implementing regulations","1","2"
"Council implementing decisions","4","0"
"Commission implementing regulations","42","25"
"Commission implementing directives","0","0"
"Commission implementing decisions","17","17"
"Total","64","44"
"Total","64"
"Other acts"
"Commission regulations","0","6"
"Commission directives","0","1"
"Commission decisions","31","0"
"European Central Bank regulations","0","0"
"European Central Bank decisions","0","0"
"European Central Bank guidelines****","0","0"
"European Central Bank recommendations","0","0"
"European Central Bank opinions","1","0"
"Total","32","7"
"Total","32"
"Statistics for","2026","3"
"","Adopted acts"
"","Basic","Amending"
"Legislative acts - Ordinary legislative procedure"
"Regulations of the European Parliament and of the Council","0","0"
"Directives of the European Parliament and of the Council","0","0"
"Decisions of the European Parliament and of the Council","0","0"
"Total","0","0"
"Total","0"
"Other legislative acts"
"Council regulations","0","0"
"Council directives","0","0"
"Council decisions","0","0"
"Total","0","0"
"Total","0"
"Non-legislative acts"
"Delegated acts"
"Commission delegated regulations","0","0"
"Commission delegated directives","0","0"
"Commission delegated decisions","0","0"
"Total","0","0"
"Total","0"
"Implementing acts"
"Council implementing regulations","0","0"
"Council implementing decisions","0","0"
"Commission implementing regulations","0","0"
"Commission implementing directives","0","0"
"Commission implementing decisions","0","0"
"Total","0","0"
"Total","0"
"Other acts"
"Commission regulations","0","0"
"Commission directives","0","0"
"Commission decisions","0","0"
"European Central Bank regulations","0","0"
"European Central Bank decisions","0","0"
"European Central Bank guidelines****","0","0"
"European Central Bank recommendations","0","0"
"European Central Bank opinions","0","0"
"Total","0","0"
"Total","0"
"Statistics for","2026","4"
"","Adopted acts"
"","Basic","Amending"
"Legislative acts - Ordinary legislative procedure"
"Regulations of the European Parliament and of the Council","0","0"
"Directives of the European Parliament and of the Council","0","0"
"Decisions of the European Parliament and of the Council","0","0"
"Total","0","0"
"Total","0"
"Other legislative acts"
"Council regulations","0","0"
"Council directives","0","0"
"Council decisions","0","0"
"Total","0","0"
"Total","0"
"Non-legislative acts"
"Delegated acts"
"Commission delegated regulations","0","0"
"Commission delegated directives","0","0"
"Commission delegated decisions","0","0"
"Total","0","0"
"Total","0"
"Implementing acts"
"Council implementing regulations","0","0"
"Council implementing decisions","0","0"
"Commission implementing regulations","0","0"
"Commission implementing directives","0","0"
"Commission implementing decisions","0","0"
"Total","0","0"
"Total","0"
"Other acts"
"Commission regulations","0","0"
"Commission directives","0","0"
"Commission decisions","0","0"
"European Central Bank regulations","0","0"
"European Central Bank decisions","0","0"
"European Central Bank guidelines****","0","0"
"European Central Bank recommendations","0","0"
"European Central Bank opinions","0","0"
"Total","0","0"
"Total","0"
"Statistics for","2026","5"
"","Adopted acts"
"","Basic","Amending"
"Legislative acts - Ordinary legislative procedure"
"Regulations of the European Parliament and of the Council","0","0"
"Directives of the European Parliament and of the Council","0","0"
"Decisions of the European Parliament and of the Council","0","0"
"Total","0","0"
"Total","0"
"Other legislative acts"
"Council regulations","0","0"
"Council directives","0","0"
"Council decisions","0","0"
"Total","0","0"
"Total","0"
"Non-legislative acts"
"Delegated acts"
"Commission delegated regulations","0","0"
"Commission delegated directives","0","0"
"Commission delegated decisions","0","0"
"Total","0","0"
"Total","0"
"Implementing acts"
"Council implementing regulations","0","0"
"Council implementing decisions","0","0"
"Commission implementing regulations","0","0"
"Commission implementing directives","0","0"
"Commission implementing decisions","0","0"
"Total","0","0"
"Total","0"
"Other acts"
"Commission regulations","0","0"
"Commission directives","0","0"
"Commission decisions","0","0"
"European Central Bank regulations","0","0"
"European Central Bank decisions","0","0"
"European Central Bank guidelines****","0","0"
"European Central Bank recommendations","0","0"
"European Central Bank opinions","0","0"
"Total","0","0"
"Total","0"
"Statistics for","2026","6"
"","Adopted acts"
"","Basic","Amending"
"Legislative acts - Ordinary legislative procedure"
"Regulations of the European Parliament and of the Council","0","0"
"Directives of the European Parliament and of the Council","0","0"
"Decisions of the European Parliament and of the Council","0","0"
"Total","0","0"
"Total","0"
"Other legislative acts"
"Council regulations","0","0"
"Council directives","0","0"
"Council decisions","0","0"
"Total","0","0"
"Total","0"
"Non-legislative acts"
"Delegated acts"
"Commission delegated regulations","0","0"
"Commission delegated directives","0","0"
"Commission delegated decisions","0","0"
"Total","0","0"
"Total","0"
"Implementing acts"
"Council implementing regulations","0","0"
"Council implementing decisions","0","0"
"Commission implementing regulations","0","0"
"Commission implementing directives","0","0"
"Commission implementing decisions","0","0"
"Total","0","0"
"Total","0"
"Other acts"
"Commission regulations","0","0"
"Commission directives","0","0"
"Commission decisions","0","0"
"European Central Bank regulations","0","0"
"European Central Bank decisions","0","0"
"European Central Bank guidelines****","0","0"
"European Central Bank recommendations","0","0"
"European Central Bank opinions","0","0"
"Total","0","0"
"Total","0"
"Statistics for","2026","7"
"","Adopted acts"
"","Basic","Amending"
"Legislative acts - Ordinary legislative procedure"
"Regulations of the European Parliament and of the Council","0","0"
"Directives of the European Parliament and of the Council","0","0"
"Decisions of the European Parliament and of the Council","0","0"
"Total","0","0"
"Total","0"
"Other legislative acts"
"Council regulations","0","0"
"Council directives","0","0"
"Council decisions","0","0"
"Total","0","0"
"Total","0"
"Non-legislative acts"
"Delegated acts"
"Commission delegated regulations","0","0"
"Commission delegated directives","0","0"
"Commission delegated decisions","0","0"
"Total","0","0"
"Total","0"
"Implementing acts"
"Council implementing regulations","0","0"
"Council implementing decisions","0","0"
"Commission implementing regulations","0","0"
"Commission implementing directives","0","0"
"Commission implementing decisions","0","0"
"Total","0","0"
"Total","0"
"Other acts"
"Commission regulations","0","0"
"Commission directives","0","0"
"Commission decisions","0","0"
"European Central Bank regulations","0","0"
"European Central Bank decisions","0","0"
"European Central Bank guidelines****","0","0"
"European Central Bank recommendations","0","0"
"European Central Bank opinions","0","0"
"Total","0","0"
"Total","0"
"Statistics for","2026","8"
"","Adopted acts"
"","Basic","Amending"
"Legislative acts - Ordinary legislative procedure"
"Regulations of the European Parliament and of the Council","0","0"
"Directives of the European Parliament and of the Council","0","0"
"Decisions of the European Parliament and of the Council","0","0"
"Total","0","0"
"Total","0"
"Other legislative acts"
"Council regulations","0","0"
"Council directives","0","0"
"Council decisions","0","0"
"Total","0","0"
"Total","0"
"Non-legislative acts"
"Delegated acts"
"Commission delegated regulations","0","0"
"Commission delegated directives","0","0"
"Commission delegated decisions","0","0"
"Total","0","0"
"Total","0"
"Implementing acts"
"Council implementing regulations","0","0"
"Council implementing decisions","0","0"
"Commission implementing regulations","0","0"
"Commission implementing directives","0","0"
"Commission implementing decisions","0","0"
"Total","0","0"
"Total","0"
"Other acts"
"Commission regulations","0","0"
"Commission directives","0","0"
"Commission decisions","0","0"
"European Central Bank regulations","0","0"
"European Central Bank decisions","0","0"
"European Central Bank guidelines****","0","0"
"European Central Bank recommendations","0","0"
"European Central Bank opinions","0","0"
"Total","0","0"
"Total","0"
"Statistics for","2026","9"
"","Adopted acts"
"","Basic","Amending"
"Legislative acts - Ordinary legislative procedure"
"Regulations of the European Parliament and of the Council","0","0"
"Directives of the European Parliament and of the Council","0","0"
"Decisions of the European Parliament and of the Council","0","0"
"Total","0","0"
"Total","0"
"Other legislative acts"
"Council regulations","0","0"
"Council directives","0","0"
"Council decisions","0","0"
"Total","0","0"
"Total","0"
"Non-legislative acts"
"Delegated acts"
"Commission delegated regulations","0","0"
"Commission delegated directives","0","0"
"Commission delegated decisions","0","0"
"Total","0","0"
"Total","0"
"Implementing acts"
"Council implementing regulations","0","0"
"Council implementing decisions","0","0"
"Commission implementing regulations","0","0"
"Commission implementing directives","0","0"
"Commission implementing decisions","0","0"
"Total","0","0"
"Total","0"
"Other acts"
"Commission regulations","0","0"
"Commission directives","0","0"
"Commission decisions","0","0"
"European Central Bank regulations","0","0"
"European Central Bank decisions","0","0"
"European Central Bank guidelines****","0","0"
"European Central Bank recommendations","0","0"
"European Central Bank opinions","0","0"
"Total","0","0"
"Total","0"
"Statistics for","2026","10"
"","Adopted acts"
"","Basic","Amending"
"Legislative acts - Ordinary legislative procedure"
"Regulations of the European Parliament and of the Council","0","0"
"Directives of the European Parliament and of the Council","0","0"
"Decisions of the European Parliament and of the Council","0","0"
"Total","0","0"
"Total","0"
"Other legislative acts"
"Council regulations","0","0"
"Council directives","0","0"
"Council decisions","0","0"
"Total","0","0"
"Total","0"
"Non-legislative acts"
"Delegated acts"
"Commission delegated regulations","0","0"
"Commission delegated directives","0","0"
"Commission delegated decisions","0","0"
"Total","0","0"
"Total","0"
"Implementing acts"
"Council implementing regulations","0","0"
"Council implementing decisions","0","0"
"Commission implementing regulations","0","0"
"Commission implementing directives","0","0"
"Commission implementing decisions","0","0"
"Total","0","0"
"Total","0"
"Other acts"
"Commission regulations","0","0"
"Commission directives","0","0"
"Commission decisions","0","0"
"European Central Bank regulations","0","0"
"European Central Bank decisions","0","0"
"European Central Bank guidelines****","0","0"
"European Central Bank recommendations","0","0"
"European Central Bank opinions","0","0"
"Total","0","0"
"Total","0"
"Statistics for","2026","11"
"","Adopted acts"
"","Basic","Amending"
"Legislative acts - Ordinary legislative procedure"
"Regulations of the European Parliament and of the Council","0","0"
"Directives of the European Parliament and of the Council","0","0"
"Decisions of the European Parliament and of the Council","0","0"
"Total","0","0"
"Total","0"
"Other legislative acts"
"Council regulations","0","0"
"Council directives","0","0"
"Council decisions","0","0"
"Total","0","0"
"Total","0"
"Non-legislative acts"
"Delegated acts"
"Commission delegated regulations","0","0"
"Commission delegated directives","0","0"
"Commission delegated decisions","0","0"
"Total","0","0"
"Total","0"
"Implementing acts"
"Council implementing regulations","0","0"
"Council implementing decisions","0","0"
"Commission implementing regulations","0","0"
"Commission implementing directives","0","0"
"Commission implementing decisions","0","0"
"Total","0","0"
"Total","0"
"Other acts"
"Commission regulations","0","0"
"Commission directives","0","0"
"Commission decisions","0","0"
"European Central Bank regulations","0","0"
"European Central Bank decisions","0","0"
"European Central Bank guidelines****","0","0"
"European Central Bank recommendations","0","0"
"European Central Bank opinions","0","0"
"Total","0","0"
"Total","0"
"Statistics for","2026","12"
"","Adopted acts"
"","Basic","Amending"
"Legislative acts - Ordinary legislative procedure"
"Regulations of the European Parliament and of the Council","0","0"
"Directives of the European Parliament and of the Council","0","0"
"Decisions of the European Parliament and of the Council","0","0"
"Total","0","0"
"Total","0"
"Other legislative acts"
"Council regulations","0","0"
"Council directives","0","0"
"Council decisions","0","0"
"Total","0","0"
"Total","0"
"Non-legislative acts"
"Delegated acts"
"Commission delegated regulations","0","0"
"Commission delegated directives","0","0"
"Commission delegated decisions","0","0"
"Total","0","0"
"Total","0"
"Implementing acts"
"Council implementing regulations","0","0"
"Council implementing decisions","0","0"
"Commission implementing regulations","0","0"
"Commission implementing directives","0","0"
"Commission implementing decisions","0","0"
"Total","0","0"
"Total","0"
"Other acts"
"Commission regulations","0","0"
"Commission directives","0","0"
"Commission decisions","0","0"
"European Central Bank regulations","0","0"
"European Central Bank decisions","0","0"
"European Central Bank guidelines****","0","0"
"European Central Bank recommendations","0","0"
"European Central Bank opinions","0","0"
"Total","0","0"
"Total","0"
